County,tot_change,Natural,Births,Deaths,Migration_otal,International,Domestic
United States,19481418,11621558,36275313,24653755,7859860,7859860,0
".Autauga County, Alabama",1272,713,5862,5149,554,9,545
".Baldwin County, Alabama",40969,1650,20641,18991,38880,1343,37537
".Barbour County, Alabama",-2769,-297,2594,2891,-2484,43,-2527
".Bibb County, Alabama",-521,16,2355,2339,-532,120,-652
".Blount County, Alabama",504,506,6312,5806,47,117,-70
".Bullock County, Alabama",-810,56,1201,1145,-874,77,-951
".Butler County, Alabama",-1492,-284,2213,2497,-1205,146,-1351
".Calhoun County, Alabama",-4921,-926,12345,13271,-3943,554,-4497
".Chambers County, Alabama",-915,-524,3611,4135,-374,168,-542
".Cherokee County, Alabama",217,-1026,2143,3169,1263,1,1262
".Chilton County, Alabama",796,507,5091,4584,321,236,85
".Choctaw County, Alabama",-1269,-357,1237,1594,-908,-16,-892
".Clarke County, Alabama",-2211,-192,2533,2725,-2036,-17,-2019
".Clay County, Alabama",-695,-375,1297,1672,-316,-9,-307
".Cleburne County, Alabama",-62,-61,1642,1703,6,-66,72
".Coffee County, Alabama",2387,1103,5844,4741,1272,824,448
".Colbert County, Alabama",813,-840,5703,6543,1704,433,1271
".Conecuh County, Alabama",-1169,-303,1288,1591,-869,7,-876
".Coosa County, Alabama",-1093,-394,862,1256,-698,75,-773
".Covington County, Alabama",-713,-707,4077,4784,32,-27,59
".Crenshaw County, Alabama",-121,-240,1379,1619,123,52,71
".Cullman County, Alabama",3362,-13,9120,9133,3433,322,3111
".Dale County, Alabama",-1079,1525,6137,4612,-2604,702,-3306
".Dallas County, Alabama",-6617,-178,4760,4938,-6484,6,-6490
".DeKalb County, Alabama",393,559,7756,7197,-117,510,-627
".Elmore County, Alabama",1937,1666,8723,7057,309,389,-80
".Escambia County, Alabama",-1687,-234,4108,4342,-1439,-2,-1437
".Etowah County, Alabama",-2161,-1921,10979,12900,-142,273,-415
".Fayette County, Alabama",-933,-526,1630,2156,-396,21,-417
".Franklin County, Alabama",-347,398,3928,3530,-736,469,-1205
".Geneva County, Alabama",-510,-570,2736,3306,76,-67,143
".Greene County, Alabama",-928,-76,941,1017,-862,1,-863
".Hale County, Alabama",-1111,147,1821,1674,-1271,-3,-1268
".Henry County, Alabama",-94,-393,1627,2020,311,32,279
".Houston County, Alabama",4322,2120,12057,9937,2280,248,2032
".Jackson County, Alabama",-1597,-1121,5239,6360,-431,147,-578
".Jefferson County, Alabama",6,15440,80777,65337,-14943,5646,-20589
".Lamar County, Alabama",-759,-419,1376,1795,-328,1,-329
".Lauderdale County, Alabama",20,-1683,8501,10184,1777,334,1443
".Lawrence County, Alabama",-1413,-369,3350,3719,-1030,-14,-1016
".Lee County, Alabama",24255,7301,16800,9499,16776,4442,12334
".Limestone County, Alabama",16129,2301,9303,7002,13707,519,13188
".Lowndes County, Alabama",-1570,-28,1204,1232,-1562,-5,-1557
".Macon County, Alabama",-3380,-427,1781,2208,-3013,9,-3022
".Madison County, Alabama",38102,11087,38577,27490,27064,4314,22750
".Marengo County, Alabama",-2185,-287,2182,2469,-1915,78,-1993
".Marion County, Alabama",-1067,-942,2810,3752,-98,54,-152
".Marshall County, Alabama",3755,2099,12326,10227,1750,818,932
".Mobile County, Alabama",71,11820,51527,39707,-11507,4715,-16222
".Monroe County, Alabama",-2334,-378,2079,2457,-1976,-22,-1954
".Montgomery County, Alabama",-2889,9716,29000,19284,-12667,3840,-16507
".Morgan County, Alabama",189,1284,13162,11878,-1021,1012,-2033
".Perry County, Alabama",-1652,-149,1064,1213,-1518,13,-1531
".Pickens County, Alabama",184,-210,2027,2237,336,69,267
".Pike County, Alabama",213,497,3463,2966,-313,947,-1260
".Randolph County, Alabama",-194,-385,2313,2698,195,-58,253
".Russell County, Alabama",4998,2494,7880,5386,2319,33,2286
".St. Clair County, Alabama",6162,1211,9573,8362,4978,314,4664
".Shelby County, Alabama",22449,8978,21892,12914,13516,1887,11629
".Sumter County, Alabama",-1336,-162,1307,1469,-1179,312,-1491
".Talladega County, Alabama",-2375,-1177,7978,9155,-1152,321,-1473
".Tallapoosa County, Alabama",-1251,-783,4139,4922,-451,16,-467
".Tuscaloosa County, Alabama",14688,7010,22835,15825,7708,2654,5054
".Walker County, Alabama",-3499,-1956,7318,9274,-1495,108,-1603
".Washington County, Alabama",-1254,-282,1560,1842,-979,170,-1149
".Wilcox County, Alabama",-1291,-160,1248,1408,-1148,0,-1148
".Winston County, Alabama",-859,-615,2252,2867,-228,10,-238
".Aleutians East Borough, Alaska",196,64,133,69,125,687,-562
".Aleutians West Census Area, Alaska",73,192,311,119,-133,871,-1004
".Anchorage Municipality, Alaska",-3836,26159,41510,15351,-30243,8529,-38772
".Bethel Census Area, Alaska",1373,2852,3959,1107,-1488,53,-1541
".Bristol Bay Borough, Alaska",-161,20,92,72,-183,7,-190
".Denali Borough, Alaska",275,97,175,78,174,187,-13
".Dillingham Census Area, Alaska",69,571,916,345,-505,8,-513
".Fairbanks North Star Borough, Alaska",-736,11008,15436,4428,-11928,2339,-14267
".Haines Borough, Alaska",22,34,186,152,-11,37,-48
".Hoonah-Angoon Census Area, Alaska",45,64,193,129,-20,50,-70
".Juneau City and Borough, Alaska",698,1767,3479,1712,-1073,617,-1690
".Kenai Peninsula Borough, Alaska",3308,2517,6543,4026,803,405,398
".Ketchikan Gateway Borough, Alaska",375,677,1540,863,-305,358,-663
".Kodiak Island Borough, Alaska",-608,1402,1938,536,-2043,736,-2779
".Kusilvak Census Area, Alaska",855,1535,2145,610,-687,68,-755
".Lake and Peninsula Borough, Alaska",-43,187,300,113,-234,39,-273
".Matanuska-Susitna Borough, Alaska",19332,7620,12920,5300,11573,530,11043
".Nome Census Area, Alaska",512,1324,2036,712,-821,47,-868
".North Slope Borough, Alaska",402,1109,1544,435,-714,108,-822
".Northwest Arctic Borough, Alaska",98,1170,1672,502,-1081,78,-1159
".Petersburg Borough, Alaska",59,162,341,179,-104,74,-178
".Prince of Wales-Hyder Census Area, Alaska",35,236,683,447,-201,23,-224
".Sitka City and Borough, Alaska",-388,253,845,592,-649,327,-976
".Skagway Municipality, Alaska",215,64,99,35,147,3,144
".Southeast Fairbanks Census Area, Alaska",-136,624,1036,412,-775,209,-984
".Valdez-Cordova Census Area, Alaska",-434,606,1132,526,-1060,52,-1112
".Wrangell City and Borough, Alaska",137,23,212,189,116,58,58
".Yakutat City and Borough, Alaska",-83,42,65,23,-129,17,-146
".Yukon-Koyukuk Census Area, Alaska",-358,237,778,541,-605,20,-625
".Apache County, Arizona",370,3417,9127,5710,-3067,504,-3571
".Cochise County, Arizona",-5437,2604,14452,11848,-8272,2499,-10771
".Coconino County, Arizona",9050,7792,15157,7365,1238,1311,-73
".Gila County, Arizona",426,-1531,5452,6983,1994,212,1782
".Graham County, Arizona",1625,2507,5180,2673,-910,322,-1232
".Greenlee County, Arizona",1054,711,1254,543,319,134,185
".La Paz County, Arizona",619,-555,1848,2403,1195,611,584
".Maricopa County, Arizona",668049,231005,498625,267620,435347,97949,337398
".Mohave County, Arizona",11999,-9685,16886,26571,21585,-1496,23081
".Navajo County, Arizona",3436,5361,14474,9113,-1895,514,-2409
".Pima County, Arizona",67016,21542,107047,85505,46336,22079,24257
".Pinal County, Arizona",87025,16204,42299,26095,70153,8836,61317
".Santa Cruz County, Arizona",-922,3314,5987,2673,-4313,795,-5108
".Yavapai County, Arizona",24082,-9511,17021,26532,33299,303,32996
".Yuma County, Arizona",18037,14964,28472,13508,2839,7552,-4713
".Arkansas County, Arkansas",-1521,30,2203,2173,-1558,50,-1608
".Ashley County, Arkansas",-2188,-53,2295,2348,-2147,-33,-2114
".Baxter County, Arkansas",421,-2988,3244,6232,3427,20,3407
".Benton County, Arkansas",57793,16626,32527,15901,40819,5544,35275
".Boone County, Arkansas",512,47,4127,4080,494,-82,576
".Bradley County, Arkansas",-742,-176,1219,1395,-572,-11,-561
".Calhoun County, Arkansas",-179,-142,421,563,-36,-2,-34
".Carroll County, Arkansas",931,62,2900,2838,883,307,576
".Chicot County, Arkansas",-1682,-164,1241,1405,-1528,67,-1595
".Clark County, Arkansas",-671,-109,2210,2319,-564,100,-664
".Clay County, Arkansas",-1532,-651,1555,2206,-878,-10,-868
".Cleburne County, Arkansas",-1045,-1222,2216,3438,202,-45,247
".Cleveland County, Arkansas",-736,-156,767,923,-584,-1,-583
".Columbia County, Arkansas",-1095,-173,2647,2820,-949,259,-1208
".Conway County, Arkansas",-421,-73,2299,2372,-327,-1,-326
".Craighead County, Arkansas",13889,5026,13477,8451,8845,1172,7673
".Crawford County, Arkansas",1322,1291,7082,5791,66,314,-248
".Crittenden County, Arkansas",-2952,2556,7190,4634,-5562,-10,-5552
".Cross County, Arkansas",-1459,-38,2007,2045,-1436,16,-1452
".Dallas County, Arkansas",-1115,-261,731,992,-857,8,-865
".Desha County, Arkansas",-1641,13,1491,1478,-1673,60,-1733
".Drew County, Arkansas",-298,322,2165,1843,-637,27,-664
".Faulkner County, Arkansas",12769,5961,14296,8335,6758,916,5842
".Franklin County, Arkansas",-422,-277,1781,2058,-139,33,-172
".Fulton County, Arkansas",241,-580,1069,1649,828,31,797
".Garland County, Arkansas",3387,-2502,10186,12688,5924,-10,5934
".Grant County, Arkansas",423,-3,1748,1751,433,-7,440
".Greene County, Arkansas",3235,840,5289,4449,2396,48,2348
".Hempstead County, Arkansas",-1055,738,2955,2217,-1799,-105,-1694
".Hot Spring County, Arkansas",760,-333,3298,3631,1076,29,1047
".Howard County, Arkansas",-579,145,1697,1552,-729,55,-784
".Independence County, Arkansas",1184,558,4425,3867,645,137,508
".Izard County, Arkansas",-74,-667,1079,1746,595,54,541
".Jackson County, Arkansas",-1279,-286,1813,2099,-1002,-5,-997
".Jefferson County, Arkansas",-10632,520,8325,7805,-11287,172,-11459
".Johnson County, Arkansas",1033,782,3223,2441,271,216,55
".Lafayette County, Arkansas",-1019,-261,649,910,-761,15,-776
".Lawrence County, Arkansas",-1004,-474,1760,2234,-537,4,-541
".Lee County, Arkansas",-1571,-202,901,1103,-1382,5,-1387
".Lincoln County, Arkansas",-1117,-176,1053,1229,-955,11,-966
".Little River County, Arkansas",-909,-258,1292,1550,-656,-35,-621
".Logan County, Arkansas",-895,-242,2389,2631,-651,188,-839
".Lonoke County, Arkansas",4927,2705,8660,5955,2260,640,1620
".Madison County, Arkansas",853,260,1866,1606,597,73,524
".Marion County, Arkansas",50,-923,1419,2342,984,32,952
".Miller County, Arkansas",-205,1135,5449,4314,-1311,-214,-1097
".Mississippi County, Arkansas",-5830,1199,5904,4705,-7097,-25,-7072
".Monroe County, Arkansas",-1454,-221,831,1052,-1246,-3,-1243
".Montgomery County, Arkansas",-511,-428,792,1220,-77,42,-119
".Nevada County, Arkansas",-768,-95,989,1084,-675,-18,-657
".Newton County, Arkansas",-562,-192,714,906,-371,5,-376
".Ouachita County, Arkansas",-2746,-676,2606,3282,-2077,40,-2117
".Perry County, Arkansas",11,-130,1049,1179,149,15,134
".Phillips County, Arkansas",-3973,305,2759,2454,-4337,-25,-4312
".Pike County, Arkansas",-569,-241,1040,1281,-322,31,-353
".Poinsett County, Arkansas",-1048,-263,2877,3140,-773,67,-840
".Polk County, Arkansas",-690,-338,2151,2489,-338,43,-381
".Pope County, Arkansas",2319,1899,7309,5410,423,469,-46
".Prairie County, Arkansas",-654,-181,806,987,-472,-9,-463
".Pulaski County, Arkansas",9162,17116,50553,33437,-7667,5758,-13425
".Randolph County, Arkansas",-11,-255,2011,2266,249,-58,307
".St. Francis County, Arkansas",-3259,566,3155,2589,-3861,160,-4021
".Saline County, Arkansas",15302,2481,12263,9782,12729,374,12355
".Scott County, Arkansas",-960,-6,1150,1156,-969,-29,-940
".Searcy County, Arkansas",-314,-347,720,1067,40,23,17
".Sebastian County, Arkansas",2087,4228,15951,11723,-2082,721,-2803
".Sevier County, Arkansas",-52,989,2457,1468,-1041,-1,-1040
".Sharp County, Arkansas",179,-780,1661,2441,961,40,921
".Stone County, Arkansas",112,-477,1114,1591,594,-72,666
".Union County, Arkansas",-2957,-137,4754,4891,-2845,-20,-2825
".Van Buren County, Arkansas",-751,-661,1488,2149,-72,58,-130
".Washington County, Arkansas",36137,15891,29814,13923,20089,5078,15011
".White County, Arkansas",1667,1266,8890,7624,419,272,147
".Woodruff County, Arkansas",-944,-244,700,944,-704,0,-704
".Yell County, Arkansas",-842,193,2568,2375,-1029,212,-1241
".Alameda County, California",161071,88031,177754,89723,73199,96638,-23439
".Alpine County, California",-46,-20,58,78,-29,8,-37
".Amador County, California",1661,-1274,2691,3965,2889,175,2714
".Butte County, California",-819,782,22527,21745,-1604,1640,-3244
".Calaveras County, California",327,-1171,3382,4553,1519,204,1315
".Colusa County, California",140,1438,2786,1348,-1304,-187,-1117
".Contra Costa County, California",104322,43086,113414,70328,61677,33643,28034
".Del Norte County, California",-798,146,2810,2664,-982,103,-1085
".El Dorado County, California",11785,1042,14763,13721,10861,1097,9764
".Fresno County, California",68594,80755,142608,61853,-11772,9639,-21411
".Glenn County, California",271,1305,3595,2290,-1046,-175,-871
".Humboldt County, California",947,1330,13502,12172,-341,167,-508
".Imperial County, California",6691,18410,27894,9484,-11851,2063,-13914
".Inyo County, California",-503,51,1891,1840,-547,127,-674
".Kern County, California",60581,74264,128382,54118,-13469,7091,-20560
".Kings County, California",-34,14271,21880,7609,-14649,695,-15344
".Lake County, California",-276,-969,6824,7793,732,-169,901
".Lassen County, California",-4322,638,2774,2136,-5081,115,-5196
".Los Angeles County, California",219139,583364,1152564,569200,-361895,293433,-655328
".Madera County, California",6493,11128,20999,9871,-4704,-383,-4321
".Marin County, California",6396,3468,21221,17753,3079,5528,-2449
".Mariposa County, California",-1044,-336,1354,1690,-708,96,-804
".Mendocino County, California",-1101,1685,9521,7836,-2718,-153,-2565
".Merced County, California",21884,23063,38618,15555,-1110,463,-1573
".Modoc County, California",-841,-226,753,979,-616,69,-685
".Mono County, California",238,871,1305,434,-654,517,-1171
".Monterey County, California",19002,35696,58879,23183,-16579,3403,-19982
".Napa County, California",1209,1784,13062,11278,-469,1157,-1626
".Nevada County, California",1008,-1690,7428,9118,2792,101,2691
".Orange County, California",166703,170278,348216,177938,-1103,84009,-85112
".Placer County, California",49827,5953,34460,28507,43912,2494,41418
".Plumas County, California",-1200,-619,1474,2093,-590,16,-606
".Riverside County, California",280781,132178,279019,146841,149193,14279,134914
".Sacramento County, California",133323,77832,181044,103212,56579,37914,18665
".San Benito County, California",7543,4023,6893,2870,3541,-202,3743
".San Bernardino County, California",144902,156894,281672,124778,-10963,12686,-23649
".San Diego County, California",242981,204933,398611,193678,40821,107098,-66277
".San Francisco County, California",76365,29286,82675,53389,46752,55834,-9082
".San Joaquin County, California",76842,44384,93390,49006,32797,10082,22715
".San Luis Obispo County, California",13514,2358,24056,21698,11234,925,10309
".San Mateo County, California",48056,38301,82316,44015,10028,39956,-29928
".Santa Barbara County, California",22552,23723,52100,28377,-925,9058,-9983
".Santa Clara County, California",146166,122281,213998,91717,24874,152722,-127848
".Santa Cruz County, California",10863,10582,26748,16166,384,1760,-1376
".Shasta County, California",2859,-1229,19093,20322,4297,1965,2332
".Sierra County, California",-234,-109,217,326,-126,1,-127
".Siskiyou County, California",-1361,-1032,4108,5140,-317,101,-418
".Solano County, California",34300,18081,47682,29601,16528,6691,9837
".Sonoma County, California",10475,8237,45881,37644,2497,3206,-709
".Stanislaus County, California",36210,32649,70420,37771,3879,4607,-728
".Sutter County, California",2215,4726,12032,7306,-2546,2049,-4595
".Tehama County, California",1644,1179,7041,5862,505,-131,636
".Trinity County, California",-1499,-424,1047,1471,-1073,-10,-1063
".Tulare County, California",24013,41985,69462,27477,-17932,-636,-17296
".Tuolumne County, California",-890,-1651,4283,5934,784,321,463
".Ventura County, California",22608,41771,93266,51495,-18720,7250,-25970
".Yolo County, California",19645,10083,21877,11794,9596,9720,-124
".Yuba County, California",6526,5573,11087,5514,980,674,306
".Adams County, Colorado",75724,39015,65726,26711,36267,8242,28025
".Alamosa County, Colorado",793,777,1993,1216,20,26,-6
".Arapahoe County, Colorado",84472,37965,72624,34659,46344,23224,23120
".Archuleta County, Colorado",1945,254,1101,847,1677,60,1617
".Baca County, Colorado",-206,-135,371,506,-71,13,-84
".Bent County, Colorado",-922,-193,360,553,-769,53,-822
".Boulder County, Colorado",31636,10172,26198,16026,21441,8470,12971
".Broomfield County, Colorado",14604,2991,6284,3293,11471,936,10535
".Chaffee County, Colorado",2547,-357,1241,1598,2881,77,2804
".Cheyenne County, Colorado",-2,49,224,175,-52,57,-109
".Clear Creek County, Colorado",627,125,662,537,497,196,301
".Conejos County, Colorado",-51,228,982,754,-279,36,-315
".Costilla County, Colorado",363,-67,290,357,429,81,348
".Crowley County, Colorado",238,-58,316,374,243,130,113
".Custer County, Colorado",817,-114,236,350,920,-4,924
".Delta County, Colorado",209,-632,2789,3421,844,35,809
".Denver County, Colorado",127386,45805,86008,40203,79472,19191,60281
".Dolores County, Colorado",-9,-11,148,159,-1,0,-1
".Douglas County, Colorado",65689,21082,32249,11167,44311,4993,39318
".Eagle County, Colorado",2926,4837,5870,1033,-1929,1022,-2951
".Elbert County, Colorado",3641,536,1728,1192,3101,200,2901
".El Paso County, Colorado",98150,47280,86297,39017,50760,11284,39476
".Fremont County, Colorado",1011,-1565,3471,5036,2558,108,2450
".Garfield County, Colorado",3688,4526,7471,2945,-857,288,-1145
".Gilpin County, Colorado",794,136,376,240,642,-2,644
".Grand County, Colorado",891,475,1064,589,381,90,291
".Gunnison County, Colorado",2138,684,1331,647,1427,5,1422
".Hinsdale County, Colorado",-23,2,46,44,-27,0,-27
".Huerfano County, Colorado",186,-495,444,939,677,37,640
".Jackson County, Colorado",-1,9,115,106,-14,3,-17
".Jefferson County, Colorado",48052,14405,53446,39041,33487,5036,28451
".Kiowa County, Colorado",8,-30,151,181,36,0,36
".Kit Carson County, Colorado",-1173,162,849,687,-1378,50,-1428
".Lake County, Colorado",817,417,771,354,386,-41,427
".La Plata County, Colorado",4886,1824,4881,3057,3020,-60,3080
".Larimer County, Colorado",57269,11605,31320,19715,45121,4487,40634
".Las Animas County, Colorado",-1001,-374,1228,1602,-653,128,-781
".Lincoln County, Colorado",232,63,543,480,165,31,134
".Logan County, Colorado",-300,209,2109,1900,-518,57,-575
".Mesa County, Colorado",7477,3078,16342,13264,4431,-173,4604
".Mineral County, Colorado",57,-1,54,55,57,0,57
".Moffat County, Colorado",-508,771,1659,888,-1302,86,-1388
".Montezuma County, Colorado",642,243,2706,2463,419,-104,523
".Montrose County, Colorado",1482,227,4147,3920,1263,31,1232
".Morgan County, Colorado",909,1651,4031,2380,-753,1203,-1956
".Otero County, Colorado",-555,-166,2032,2198,-385,16,-401
".Ouray County, Colorado",510,-11,265,276,508,12,496
".Park County, Colorado",2642,207,1048,841,2400,-19,2419
".Phillips County, Colorado",-177,19,484,465,-200,141,-341
".Pitkin County, Colorado",623,802,1288,486,-183,765,-948
".Prowers County, Colorado",-379,376,1513,1137,-769,122,-891
".Pueblo County, Colorado",9361,1417,17214,15797,8038,458,7580
".Rio Blanco County, Colorado",-349,241,705,464,-602,90,-692
".Rio Grande County, Colorado",-715,109,1244,1135,-827,3,-830
".Routt County, Colorado",2132,1022,2016,994,1087,480,607
".Saguache County, Colorado",716,241,648,407,470,74,396
".San Juan County, Colorado",29,8,44,36,18,0,18
".San Miguel County, Colorado",820,414,620,206,404,268,136
".Sedgwick County, Colorado",-134,-123,210,333,-12,3,-15
".Summit County, Colorado",3017,2028,2591,563,951,1029,-78
".Teller County, Colorado",2029,215,1691,1476,1810,-64,1874
".Washington County, Colorado",96,-33,428,461,130,2,128
".Weld County, Colorado",71665,22092,37587,15495,49035,2484,46551
".Yuma County, Colorado",-24,415,1336,921,-445,264,-709
".Fairfield County, Connecticut",26428,31206,92947,61741,-4739,44863,-49602
".Hartford County, Connecticut",-2332,13295,86975,73680,-15775,41102,-56877
".Litchfield County, Connecticut",-9547,-3159,13334,16493,-6375,2276,-8651
".Middlesex County, Connecticut",-3236,-1399,12559,13958,-1745,2612,-4357
".New Haven County, Connecticut",-7685,10560,81952,71392,-18293,32843,-51136
".New London County, Connecticut",-8864,2357,24643,22286,-11261,6111,-17372
".Tolland County, Connecticut",-2026,1129,10675,9546,-3239,3681,-6920
".Windham County, Connecticut",-1598,850,10406,9556,-2472,2904,-5376
".Kent County, Delaware",18436,6171,20448,14277,12260,2127,10133
".New Castle County, Delaware",20269,18215,60294,42079,2523,9922,-7399
".Sussex County, Delaware",37122,-1258,20930,22188,37982,1178,36804
".District of Columbia, District of Columbia",103982,41806,87527,45721,61065,33805,27260
".Alachua County, Florida",21706,9149,26402,17253,12606,10518,2088
".Baker County, Florida",2095,885,3138,2253,1212,60,1152
".Bay County, Florida",5855,3934,20996,17062,1770,3938,-2168
".Bradford County, Florida",-318,-25,2788,2813,-383,54,-437
".Brevard County, Florida",58570,-15771,47809,63580,74263,9438,64825
".Broward County, Florida",204632,64099,201689,137590,141901,142381,-480
".Calhoun County, Florida",-522,-221,1294,1515,-299,31,-330
".Charlotte County, Florida",28943,-13671,9494,23165,42167,2281,39886
".Citrus County, Florida",8427,-13385,9689,23074,21756,331,21425
".Clay County, Florida",28374,4489,19830,15341,23933,3258,20675
".Collier County, Florida",63380,109,29806,29697,63056,20167,42889
".Columbia County, Florida",4160,117,7437,7320,4042,297,3745
".DeSoto County, Florida",3139,567,3546,2979,2581,1484,1097
".Dixie County, Florida",404,-603,1406,2009,1005,-8,1013
".Duval County, Florida",93502,45205,118298,73093,48664,28818,19846
".Escambia County, Florida",20696,5654,35874,30220,15108,5404,9704
".Flagler County, Florida",19389,-3858,7490,11348,23048,1350,21698
".Franklin County, Florida",576,-246,943,1189,808,64,744
".Gadsden County, Florida",-2084,811,5135,4324,-2925,495,-3420
".Gilchrist County, Florida",1641,12,1743,1731,1626,59,1567
".Glades County, Florida",930,-417,621,1038,1335,286,1049
".Gulf County, Florida",-2224,-510,1116,1626,-1752,36,-1788
".Hamilton County, Florida",-371,193,1466,1273,-607,46,-653
".Hardee County, Florida",-800,1603,3529,1926,-2431,313,-2744
".Hendry County, Florida",2879,2722,5440,2718,50,2939,-2889
".Hernando County, Florida",21142,-10079,14143,24222,31073,1930,29143
".Highlands County, Florida",7437,-5745,8302,14047,13232,3261,9971
".Hillsborough County, Florida",242766,62214,156576,94362,179604,74821,104783
".Holmes County, Florida",-306,-549,1829,2378,251,-12,263
".Indian River County, Florida",21895,-6260,11703,17963,27992,2343,25649
".Jackson County, Florida",-3350,-850,4627,5477,-2502,299,-2801
".Jefferson County, Florida",-515,-264,1186,1450,-263,31,-294
".Lafayette County, Florida",-446,-35,667,702,-429,311,-740
".Lake County, Florida",70071,-6460,29353,35813,75879,6639,69240
".Lee County, Florida",151822,-1952,60521,62473,152286,26032,126254
".Leon County, Florida",18099,11327,28035,16708,6640,5800,840
".Levy County, Florida",705,-1272,3692,4964,1979,170,1809
".Liberty County, Florida",-11,112,722,610,-132,-22,-110
".Madison County, Florida",-733,-240,1841,2081,-492,172,-664
".Manatee County, Florida",80374,-3358,31763,35121,82837,9794,73043
".Marion County, Florida",34280,-12786,31649,44435,46967,4122,42845
".Martin County, Florida",14148,-5951,11352,17303,20002,1525,18477
".Miami-Dade County, Florida",218947,110939,291240,180301,107292,390173,-282881
".Monroe County, Florida",1138,190,6687,6497,931,3279,-2348
".Nassau County, Florida",15315,-41,7317,7358,15278,252,15026
".Okaloosa County, Florida",29914,9289,25082,15793,20416,3750,16666
".Okeechobee County, Florida",2172,927,4912,3985,1256,666,590
".Orange County, Florida",247495,79311,149987,70676,167682,115635,52047
".Osceola County, Florida",107066,18996,38096,19100,87696,44339,43357
".Palm Beach County, Florida",176635,3057,133968,130911,173510,82729,90781
".Pasco County, Florida",89242,-8766,45694,54460,97410,7844,89566
".Pinellas County, Florida",58196,-31117,77670,108787,89128,20219,68909
".Polk County, Florida",122704,9786,69821,60035,112597,23260,89337
".Putnam County, Florida",144,-1310,7753,9063,1492,89,1403
".St. Johns County, Florida",74634,2328,18943,16615,71485,1701,69784
".St. Lucie County, Florida",51042,-315,27982,28297,51119,7468,43651
".Santa Rosa County, Florida",32942,4561,17384,12823,28113,636,27477
".Sarasota County, Florida",54309,-23562,26615,50177,77360,7892,69468
".Seminole County, Florida",49116,12028,42240,30212,37331,15383,21948
".Sumter County, Florida",39000,-10573,4311,14884,48895,-134,49029
".Suwannee County, Florida",2862,-812,4269,5081,3596,120,3476
".Taylor County, Florida",-1005,-86,2169,2255,-932,115,-1047
".Union County, Florida",-298,-518,1485,2003,220,79,141
".Volusia County, Florida",58688,-17980,44574,62554,76304,9914,66390
".Wakulla County, Florida",2956,601,3025,2424,2336,81,2255
".Walton County, Florida",19025,1119,6746,5627,17646,224,17422
".Washington County, Florida",577,-491,2231,2722,1034,69,965
".Appling County, Georgia",148,471,2305,1834,-329,-11,-318
".Atkinson County, Georgia",-215,495,1158,663,-718,19,-737
".Bacon County, Georgia",67,222,1414,1192,-151,-14,-137
".Baker County, Georgia",-409,43,295,252,-455,2,-457
".Baldwin County, Georgia",-950,184,4170,3986,-1204,273,-1477
".Banks County, Georgia",855,380,1830,1450,482,94,388
".Barrow County, Georgia",13884,4391,9673,5282,9399,442,8957
".Bartow County, Georgia",7646,3937,12017,8080,3744,172,3572
".Ben Hill County, Georgia",-960,90,2099,2009,-1043,18,-1061
".Berrien County, Georgia",104,233,2135,1902,-138,188,-326
".Bibb County, Georgia",-2624,4873,20009,15136,-7490,1590,-9080
".Bleckley County, Georgia",-191,-73,1223,1296,-126,82,-208
".Brantley County, Georgia",681,245,1989,1744,434,-59,493
".Brooks County, Georgia",-857,-24,1784,1808,-851,122,-973
".Bryan County, Georgia",9412,2421,4676,2255,6959,309,6650
".Bulloch County, Georgia",9365,3270,8052,4782,5980,1037,4943
".Burke County, Georgia",-943,651,2924,2273,-1615,-3,-1612
".Butts County, Georgia",1241,129,2490,2361,1095,-5,1100
".Calhoun County, Georgia",-508,-51,506,557,-462,31,-493
".Camden County, Georgia",4154,4249,7342,3093,-117,559,-676
".Candler County, Georgia",-196,93,1296,1203,-291,47,-338
".Carroll County, Georgia",9422,4403,13799,9396,5036,923,4113
".Catoosa County, Georgia",3655,1109,6696,5587,2594,82,2512
".Charlton County, Georgia",1221,145,1111,966,961,565,396
".Chatham County, Georgia",24303,13876,35609,21733,10368,5620,4748
".Chattahoochee County, Georgia",-356,1856,2156,300,-2284,1558,-3842
".Chattooga County, Georgia",-1233,-263,2673,2936,-977,50,-1027
".Cherokee County, Georgia",44392,12837,25907,13070,31359,1852,29507
".Clarke County, Georgia",11643,6042,12768,6726,5458,3695,1763
".Clay County, Georgia",-352,-65,294,359,-293,-25,-268
".Clayton County, Georgia",32626,24213,39345,15132,8291,5682,2609
".Clinch County, Georgia",-174,187,879,692,-365,91,-456
".Cobb County, Georgia",72076,48642,86635,37993,23793,20133,3660
".Coffee County, Georgia",926,1812,5475,3663,-927,145,-1072
".Colquitt County, Georgia",104,1765,6136,4371,-1647,138,-1785
".Columbia County, Georgia",32698,7861,16014,8153,24616,1752,22864
".Cook County, Georgia",63,255,2016,1761,-200,3,-203
".Coweta County, Georgia",21140,6250,15257,9007,14818,1327,13491
".Crawford County, Georgia",-197,18,1166,1148,-216,88,-304
".Crisp County, Georgia",-1061,402,2705,2303,-1488,141,-1629
".Dade County, Georgia",-527,-146,1491,1637,-378,-52,-326
".Dawson County, Georgia",3726,403,2247,1844,3304,59,3245
".Decatur County, Georgia",-1438,483,3399,2916,-1929,-59,-1870
".DeKalb County, Georgia",67336,60329,101740,41411,7260,41326,-34066
".Dodge County, Georgia",-1191,89,2153,2064,-1278,37,-1315
".Dooly County, Georgia",-1535,-148,986,1134,-1402,39,-1441
".Dougherty County, Georgia",-6608,3817,12189,8372,-10507,742,-11249
".Douglas County, Georgia",14061,7559,16062,8503,6514,844,5670
".Early County, Georgia",-818,26,1271,1245,-851,32,-883
".Echols County, Georgia",-17,296,542,246,-314,51,-365
".Effingham County, Georgia",12041,3080,6916,3836,8924,332,8592
".Elbert County, Georgia",-970,-283,2081,2364,-680,-9,-671
".Emanuel County, Georgia",50,256,2895,2639,-209,-22,-187
".Evans County, Georgia",-348,349,1400,1051,-715,-27,-688
".Fannin County, Georgia",2479,-1075,1883,2958,3536,-53,3589
".Fayette County, Georgia",7861,193,7821,7628,7695,1765,5930
".Floyd County, Georgia",2184,1210,10991,9781,1035,1375,-340
".Forsyth County, Georgia",68768,11675,21538,9863,56491,4039,52452
".Franklin County, Georgia",1256,-134,2514,2648,1396,204,1192
".Fulton County, Georgia",143492,58479,116012,57533,84206,33347,50859
".Gilmer County, Georgia",3075,233,2951,2718,2826,228,2598
".Glascock County, Georgia",-115,-104,260,364,-13,9,-22
".Glynn County, Georgia",5665,1153,8978,7825,4534,568,3966
".Gordon County, Georgia",2742,1712,6410,4698,1061,327,734
".Grady County, Georgia",-380,795,3150,2355,-1174,131,-1305
".Greene County, Georgia",2328,-285,1553,1838,2602,228,2374
".Gwinnett County, Georgia",130964,70132,107379,37247,61199,28614,32585
".Habersham County, Georgia",2296,718,4729,4011,1572,96,1476
".Hall County, Georgia",24717,10762,23794,13032,13974,1471,12503
".Hancock County, Georgia",-944,-260,643,903,-719,50,-769
".Haralson County, Georgia",1017,-72,3205,3277,1095,-34,1129
".Harris County, Georgia",3242,325,2753,2428,2932,36,2896
".Hart County, Georgia",995,-171,2510,2681,1176,25,1151
".Heard County, Georgia",94,33,1202,1169,62,-14,76
".Henry County, Georgia",30784,9479,22443,12964,21336,1444,19892
".Houston County, Georgia",18044,8337,18734,10397,9752,2645,7107
".Irwin County, Georgia",-97,-22,948,970,-101,-3,-98
".Jackson County, Georgia",12516,2353,7545,5192,10117,213,9904
".Jasper County, Georgia",325,282,1547,1265,33,13,20
".Jeff Davis County, Georgia",41,449,1908,1459,-405,36,-441
".Jefferson County, Georgia",-1554,-168,1891,2059,-1401,41,-1442
".Jenkins County, Georgia",343,-26,926,952,300,56,244
".Johnson County, Georgia",-331,-15,877,892,-314,-14,-300
".Jones County, Georgia",67,288,2698,2410,-218,15,-233
".Lamar County, Georgia",766,-50,1867,1917,796,224,572
".Lanier County, Georgia",346,435,1257,822,-94,48,-142
".Laurens County, Georgia",-889,807,5937,5130,-1686,62,-1748
".Lee County, Georgia",1697,1331,3242,1911,351,124,227
".Liberty County, Georgia",-2150,9954,13155,3201,-12513,2322,-14835
".Lincoln County, Georgia",-75,-122,684,806,45,29,16
".Long County, Georgia",5215,1535,2391,856,3610,241,3369
".Lowndes County, Georgia",8158,7084,15083,7999,918,1835,-917
".Lumpkin County, Georgia",3657,350,2785,2435,3248,-8,3256
".McDuffie County, Georgia",-555,454,2671,2217,-1005,-87,-918
".McIntosh County, Georgia",48,-64,1098,1162,99,-6,105
".Macon County, Georgia",-1796,-163,1259,1422,-1656,80,-1736
".Madison County, Georgia",1713,423,3079,2656,1307,214,1093
".Marion County, Georgia",-379,95,831,736,-479,37,-516
".Meriwether County, Georgia",-811,-110,2324,2434,-702,8,-710
".Miller County, Georgia",-409,-116,633,749,-295,6,-301
".Mitchell County, Georgia",-1638,247,2520,2273,-1903,81,-1984
".Monroe County, Georgia",1411,-60,2498,2558,1491,-31,1522
".Montgomery County, Georgia",-9,133,916,783,-149,36,-185
".Morgan County, Georgia",1405,149,1819,1670,1255,-7,1262
".Murray County, Georgia",468,1170,4594,3424,-695,210,-905
".Muscogee County, Georgia",5199,10694,27903,17209,-5829,4920,-10749
".Newton County, Georgia",11777,4760,12431,7671,7062,485,6577
".Oconee County, Georgia",7449,1034,3172,2138,6412,341,6071
".Oglethorpe County, Georgia",378,165,1460,1295,210,55,155
".Paulding County, Georgia",26270,9388,17470,8082,16860,512,16348
".Peach County, Georgia",-261,498,2833,2335,-782,183,-965
".Pickens County, Georgia",3187,-145,2804,2949,3311,52,3259
".Pierce County, Georgia",705,393,2248,1855,320,-35,355
".Pike County, Georgia",1089,28,1580,1552,1074,9,1065
".Polk County, Georgia",1118,847,5233,4386,276,164,112
".Pulaski County, Georgia",-862,-167,827,994,-703,-20,-683
".Putnam County, Georgia",901,-60,2146,2206,958,41,917
".Quitman County, Georgia",-211,-54,221,275,-158,-4,-154
".Rabun County, Georgia",864,-476,1376,1852,1350,45,1305
".Randolph County, Georgia",-943,-83,741,824,-879,-6,-873
".Richmond County, Georgia",1924,9200,27178,17978,-7186,2673,-9859
".Rockdale County, Georgia",5727,3017,9155,6138,2730,570,2160
".Schley County, Georgia",244,133,461,328,111,71,40
".Screven County, Georgia",-628,119,1725,1606,-759,25,-784
".Seminole County, Georgia",-639,-203,908,1111,-441,-4,-437
".Spalding County, Georgia",2594,871,7739,6868,1729,115,1614
".Stephens County, Georgia",-228,-357,2846,3203,142,3,139
".Stewart County, Georgia",561,-209,401,610,722,1247,-525
".Sumter County, Georgia",-3291,387,3654,3267,-3720,189,-3909
".Talbot County, Georgia",-695,-198,528,726,-502,-1,-501
".Taliaferro County, Georgia",-180,-73,136,209,-110,8,-118
".Tattnall County, Georgia",-224,426,2613,2187,-664,340,-1004
".Taylor County, Georgia",-889,-116,800,916,-792,-2,-790
".Telfair County, Georgia",-630,-121,1235,1356,-531,425,-956
".Terrell County, Georgia",-976,92,1069,977,-1077,1,-1078
".Thomas County, Georgia",-272,567,5253,4686,-809,190,-999
".Tift County, Georgia",508,1517,5219,3702,-1056,21,-1077
".Toombs County, Georgia",-340,795,3614,2819,-1121,-54,-1067
".Towns County, Georgia",1560,-791,786,1577,2314,34,2280
".Treutlen County, Georgia",18,45,701,656,-28,55,-83
".Troup County, Georgia",2882,1987,8355,6368,934,776,158
".Turner County, Georgia",-948,10,1030,1020,-995,-16,-979
".Twiggs County, Georgia",-906,-212,829,1041,-703,107,-810
".Union County, Georgia",3153,-1300,1529,2829,4428,-12,4440
".Upson County, Georgia",-829,-411,2990,3401,-414,-18,-396
".Walker County, Georgia",1023,-177,6859,7036,1243,82,1161
".Walton County, Georgia",10787,2563,9929,7366,8232,151,8081
".Ware County, Georgia",-564,332,4516,4184,-902,23,-925
".Warren County, Georgia",-580,-158,551,709,-425,8,-433
".Washington County, Georgia",-808,88,2146,2058,-921,8,-929
".Wayne County, Georgia",-170,533,3631,3098,-722,109,-831
".Webster County, Georgia",-192,17,210,193,-214,0,-214
".Wheeler County, Georgia",424,38,588,550,333,-1,334
".White County, Georgia",3659,-36,2481,2517,3683,139,3544
".Whitfield County, Georgia",2023,5379,12828,7449,-3314,415,-3729
".Wilcox County, Georgia",-621,-130,829,959,-508,11,-519
".Wilkes County, Georgia",-816,-304,980,1284,-541,102,-643
".Wilkinson County, Georgia",-616,-98,994,1092,-519,-4,-515
".Worth County, Georgia",-1420,183,2264,2081,-1620,-2,-1618
".Hawaii County, Hawaii",16437,6466,21947,15481,10050,4742,5308
".Honolulu County, Hawaii",21357,50711,121272,70561,-28785,46111,-74896
".Kalawao County, Hawaii",-4,-4,0,4,0,0,0
".Kauai County, Hawaii",5198,2469,7902,5433,2788,2802,-14
".Maui County, Hawaii",12577,7138,18012,10874,5518,6138,-620
".Ada County, Idaho",89215,20796,46644,25848,68011,5883,62128
".Adams County, Idaho",316,-52,273,325,364,6,358
".Bannock County, Idaho",4966,5327,11717,6390,-357,1670,-2027
".Bear Lake County, Idaho",139,165,750,585,-29,14,-43
".Benewah County, Idaho",15,-111,977,1088,126,18,108
".Bingham County, Idaho",1206,3146,6429,3283,-1975,131,-2106
".Blaine County, Idaho",1644,1029,1991,962,616,872,-256
".Boise County, Idaho",804,-65,416,481,853,29,824
".Bonner County, Idaho",4862,-133,3769,3902,4969,21,4948
".Bonneville County, Idaho",14768,10148,17730,7582,4662,165,4497
".Boundary County, Idaho",1273,191,1226,1035,1080,96,984
".Butte County, Idaho",-296,28,274,246,-329,0,-329
".Camas County, Idaho",-11,36,95,59,-50,-4,-46
".Canyon County, Idaho",40927,15708,28789,13081,25093,42,25051
".Caribou County, Idaho",192,265,854,589,-76,72,-148
".Cassia County, Idaho",1066,1746,3555,1809,-682,148,-830
".Clark County, Idaho",-137,23,86,63,-165,41,-206
".Clearwater County, Idaho",-5,-401,605,1006,399,21,378
".Custer County, Idaho",-51,-39,349,388,-15,8,-23
".Elmore County, Idaho",471,2617,4302,1685,-2201,1131,-3332
".Franklin County, Idaho",1090,904,1839,935,183,-98,281
".Fremont County, Idaho",-138,774,1745,971,-927,61,-988
".Gem County, Idaho",1393,-18,1836,1854,1406,77,1329
".Gooding County, Idaho",-293,577,1897,1320,-876,92,-968
".Idaho County, Idaho",400,-242,1435,1677,658,16,642
".Jefferson County, Idaho",3727,3021,4459,1438,705,57,648
".Jerome County, Idaho",2057,2180,3660,1480,-127,758,-885
".Kootenai County, Idaho",27231,4026,16346,12320,23102,-645,23747
".Latah County, Idaho",2865,2029,4094,2065,850,1233,-383
".Lemhi County, Idaho",91,-227,681,908,315,-21,336
".Lewis County, Idaho",17,-9,358,367,30,39,-9
".Lincoln County, Idaho",160,314,670,356,-155,173,-328
".Madison County, Idaho",2359,8895,10123,1228,-6602,240,-6842
".Minidoka County, Idaho",984,1344,2954,1610,-365,231,-596
".Nez Perce County, Idaho",1138,-196,4408,4604,1363,14,1349
".Oneida County, Idaho",245,119,474,355,126,20,106
".Owyhee County, Idaho",297,419,1284,865,-127,29,-156
".Payette County, Idaho",1329,909,2823,1914,429,-235,664
".Power County, Idaho",-138,618,1173,555,-769,101,-870
".Shoshone County, Idaho",82,-387,1298,1685,463,84,379
".Teton County, Idaho",1977,1011,1377,366,944,229,715
".Twin Falls County, Idaho",9637,4389,11184,6795,5286,1781,3505
".Valley County, Idaho",1538,197,844,647,1318,-84,1402
".Washington County, Idaho",-4,-82,992,1074,81,-59,140
".Adams County, Illinois",-1662,164,7549,7385,-1791,218,-2009
".Alexander County, Illinois",-2477,-66,817,883,-2451,2,-2453
".Bond County, Illinois",-1342,-116,1455,1571,-1245,76,-1321
".Boone County, Illinois",-623,1662,5379,3717,-2305,-76,-2229
".Brown County, Illinois",-359,11,516,505,-371,35,-406
".Bureau County, Illinois",-2352,-440,3129,3569,-1920,163,-2083
".Calhoun County, Illinois",-350,-32,440,472,-321,12,-333
".Carroll County, Illinois",-1089,-429,1304,1733,-654,33,-687
".Cass County, Illinois",-1494,275,1608,1333,-1793,412,-2205
".Champaign County, Illinois",8608,9965,21826,11861,-1487,17279,-18766
".Christian County, Illinois",-2491,-634,3185,3819,-1857,31,-1888
".Clark County, Illinois",-894,-146,1721,1867,-743,-23,-720
".Clay County, Illinois",-631,-122,1449,1571,-503,22,-525
".Clinton County, Illinois",-200,681,3870,3189,-870,10,-880
".Coles County, Illinois",-3255,-104,4603,4707,-3179,520,-3699
".Cook County, Illinois",-44793,255008,627223,372215,-299551,145652,-445203
".Crawford County, Illinois",-1151,-205,1935,2140,-946,21,-967
".Cumberland County, Illinois",-279,90,1142,1052,-364,48,-412
".DeKalb County, Illinois",-265,4318,10877,6559,-4655,1948,-6603
".De Witt County, Illinois",-920,-95,1615,1710,-820,3,-823
".Douglas County, Illinois",-512,581,2389,1808,-1088,56,-1144
".DuPage County, Illinois",6180,41538,98194,56656,-35680,24441,-60121
".Edgar County, Illinois",-1415,-514,1677,2191,-900,17,-917
".Edwards County, Illinois",-326,48,707,659,-373,2,-375
".Effingham County, Illinois",-238,888,4216,3328,-1120,110,-1230
".Fayette County, Illinois",-806,200,2253,2053,-1009,41,-1050
".Ford County, Illinois",-1120,-488,1341,1829,-635,14,-649
".Franklin County, Illinois",-1527,-534,4362,4896,-961,43,-1004
".Fulton County, Illinois",-2731,-1036,3177,4213,-1680,66,-1746
".Gallatin County, Illinois",-759,-256,494,750,-506,0,-506
".Greene County, Illinois",-917,-149,1278,1427,-776,21,-797
".Grundy County, Illinois",975,2017,5646,3629,-1034,37,-1071
".Hamilton County, Illinois",-341,-197,794,991,-134,1,-135
".Hancock County, Illinois",-1396,-138,1750,1888,-1260,27,-1287
".Hardin County, Illinois",-502,-282,302,584,-216,0,-216
".Henderson County, Illinois",-682,-197,589,786,-487,1,-488
".Henry County, Illinois",-1570,2,4900,4898,-1559,21,-1580
".Iroquois County, Illinois",-2605,-669,2820,3489,-1937,47,-1984
".Jackson County, Illinois",-3456,1825,6206,4381,-5416,2015,-7431
".Jasper County, Illinois",-91,118,1058,940,-209,88,-297
".Jefferson County, Illinois",-1141,263,4413,4150,-1384,267,-1651
".Jersey County, Illinois",-1237,-379,1971,2350,-865,196,-1061
".Jo Daviess County, Illinois",-1446,-601,1664,2265,-828,2,-830
".Johnson County, Illinois",-160,-151,1007,1158,-10,-2,-8
".Kane County, Illinois",17081,33229,62019,28790,-16043,2366,-18409
".Kankakee County, Illinois",-3588,1946,12271,10325,-5547,530,-6077
".Kendall County, Illinois",14186,10006,15059,5053,4279,1101,3178
".Knox County, Illinois",-3227,-1115,5149,6264,-2083,754,-2837
".Lake County, Illinois",-6865,30864,72002,41138,-38227,13375,-51602
".LaSalle County, Illinois",-5251,-1035,11039,12074,-4188,384,-4572
".Lawrence County, Illinois",-1225,-349,1512,1861,-879,19,-898
".Lee County, Illinois",-1942,-136,3221,3357,-1809,50,-1859
".Livingston County, Illinois",-3297,-135,3852,3987,-3221,276,-3497
".Logan County, Illinois",-1687,-322,2779,3101,-1378,126,-1504
".McDonough County, Illinois",-2934,-200,2631,2831,-2771,685,-3456
".McHenry County, Illinois",-1108,10823,29724,18901,-12024,1041,-13065
".McLean County, Illinois",1940,8212,18987,10775,-6357,6019,-12376
".Macon County, Illinois",-6768,1045,12367,11322,-7840,463,-8303
".Macoupin County, Illinois",-2837,-936,4243,5179,-1907,34,-1941
".Madison County, Illinois",-6332,2272,28269,25997,-8521,536,-9057
".Marion County, Illinois",-2232,-316,4502,4818,-1907,118,-2025
".Marshall County, Illinois",-1208,-385,1118,1503,-821,10,-831
".Mason County, Illinois",-1307,-471,1267,1738,-837,3,-840
".Massac County, Illinois",-1659,-482,1464,1946,-1181,-9,-1172
".Menard County, Illinois",-509,-50,1132,1182,-460,-36,-424
".Mercer County, Illinois",-997,-369,1359,1728,-627,16,-643
".Monroe County, Illinois",1688,490,3134,2644,1230,-12,1242
".Montgomery County, Illinois",-1691,-510,2772,3282,-1192,-2,-1190
".Morgan County, Illinois",-1887,-265,3387,3652,-1611,352,-1963
".Moultrie County, Illinois",-351,-37,1696,1733,-309,21,-330
".Ogle County, Illinois",-2847,275,4920,4645,-3154,122,-3276
".Peoria County, Illinois",-7317,7323,24104,16781,-14686,3126,-17812
".Perry County, Illinois",-1430,-308,1914,2222,-1130,84,-1214
".Piatt County, Illinois",-381,47,1615,1568,-425,6,-431
".Pike County, Illinois",-869,-165,1699,1864,-698,-7,-691
".Pope County, Illinois",-297,-202,259,461,-96,4,-100
".Pulaski County, Illinois",-826,-160,584,744,-669,20,-689
".Putnam County, Illinois",-267,-50,463,513,-214,8,-222
".Randolph County, Illinois",-1698,-275,3133,3408,-1421,62,-1483
".Richland County, Illinois",-720,-129,1769,1898,-585,23,-608
".Rock Island County, Illinois",-5662,2287,16765,14478,-7933,3469,-11402
".St. Clair County, Illinois",-10392,7359,30827,23468,-17872,1401,-19273
".Saline County, Illinois",-1424,-465,2883,3348,-948,12,-960
".Sangamon County, Illinois",-2793,3359,21261,17902,-6070,2214,-8284
".Schuyler County, Illinois",-776,-261,566,827,-516,50,-566
".Scott County, Illinois",-404,-110,437,547,-296,26,-322
".Shelby County, Illinois",-721,57,2233,2176,-767,21,-788
".Stark County, Illinois",-650,-159,571,730,-496,11,-507
".Stephenson County, Illinois",-3210,-455,4551,5006,-2768,199,-2967
".Tazewell County, Illinois",-3589,1293,14258,12965,-4835,511,-5346
".Union County, Illinois",-1153,-397,1685,2082,-748,25,-773
".Vermilion County, Illinois",-5867,484,9452,8968,-6361,214,-6575
".Wabash County, Illinois",-427,25,1285,1260,-455,276,-731
".Warren County, Illinois",-860,288,1970,1682,-1154,378,-1532
".Washington County, Illinois",-829,25,1433,1408,-855,18,-873
".Wayne County, Illinois",-545,-62,1867,1929,-467,43,-510
".White County, Illinois",-1128,-624,1444,2068,-496,35,-531
".Whiteside County, Illinois",-3326,-196,5861,6057,-3128,-2,-3126
".Will County, Illinois",13163,32421,72136,39715,-19303,4382,-23685
".Williamson County, Illinois",232,172,7163,6991,103,419,-316
".Winnebago County, Illinois",-12692,6759,33257,26498,-19633,3587,-23220
".Woodford County, Illinois",-197,542,4016,3474,-728,91,-819
".Adams County, Indiana",1393,3415,6242,2827,-2028,49,-2077
".Allen County, Indiana",23960,19465,48133,28668,4786,5887,-1101
".Bartholomew County, Indiana",6996,2922,9717,6795,4104,3974,130
".Benton County, Indiana",-88,204,976,772,-296,13,-309
".Blackford County, Indiana",-1008,-227,1226,1453,-785,61,-846
".Boone County, Indiana",11202,2367,6952,4585,8774,485,8289
".Brown County, Indiana",-152,-367,1064,1431,222,-25,247
".Carroll County, Indiana",97,341,2030,1689,-240,72,-312
".Cass County, Indiana",-1281,788,4470,3682,-2089,817,-2906
".Clark County, Indiana",8080,2705,13491,10786,5385,467,4918
".Clay County, Indiana",-663,130,2917,2787,-788,0,-788
".Clinton County, Indiana",-820,745,4072,3327,-1578,145,-1723
".Crawford County, Indiana",-134,-16,1067,1083,-114,11,-125
".Daviess County, Indiana",1697,1875,4951,3076,-163,160,-323
".Dearborn County, Indiana",-569,397,4672,4275,-948,-111,-837
".Decatur County, Indiana",820,651,3096,2445,190,187,3
".DeKalb County, Indiana",1220,1104,4850,3746,141,-42,183
".Delaware County, Indiana",-3535,-272,11071,11343,-3241,1422,-4663
".Dubois County, Indiana",850,1340,5061,3721,-475,586,-1061
".Elkhart County, Indiana",8772,13069,28381,15312,-4216,985,-5201
".Fayette County, Indiana",-1199,-601,2303,2904,-586,76,-662
".Floyd County, Indiana",3943,1328,8242,6914,2661,262,2399
".Fountain County, Indiana",-894,-89,1734,1823,-807,8,-815
".Franklin County, Indiana",-340,393,2354,1961,-734,77,-811
".Fulton County, Indiana",-882,83,2271,2188,-959,-8,-951
".Gibson County, Indiana",156,418,3773,3355,-236,260,-496
".Grant County, Indiana",-4294,-561,7002,7563,-3737,187,-3924
".Greene County, Indiana",-1250,-430,3154,3584,-797,29,-826
".Hamilton County, Indiana",63454,21022,35656,14634,42206,6154,36052
".Hancock County, Indiana",8108,1557,7351,5794,6586,47,6539
".Harrison County, Indiana",1149,336,3956,3620,836,133,703
".Hendricks County, Indiana",24855,6090,16125,10035,18773,2190,16583
".Henry County, Indiana",-1494,-1032,4326,5358,-428,29,-457
".Howard County, Indiana",-204,153,9085,8932,-290,341,-631
".Huntington County, Indiana",-603,111,3895,3784,-705,108,-813
".Jackson County, Indiana",1855,1167,5431,4264,708,908,-200
".Jasper County, Indiana",81,548,3537,2989,-451,42,-493
".Jay County, Indiana",-817,592,2759,2167,-1414,-21,-1393
".Jefferson County, Indiana",-92,-55,3396,3451,-12,103,-115
".Jennings County, Indiana",-794,438,3131,2693,-1229,-17,-1212
".Johnson County, Indiana",18312,5307,16996,11689,13048,2240,10808
".Knox County, Indiana",-1846,94,4143,4049,-1941,116,-2057
".Kosciusko County, Indiana",2101,3086,9530,6444,-924,502,-1426
".LaGrange County, Indiana",2483,4447,6877,2430,-1965,30,-1995
".Lake County, Indiana",-10615,9950,54387,44437,-20531,1263,-21794
".LaPorte County, Indiana",-1578,1109,12075,10966,-2616,81,-2697
".Lawrence County, Indiana",-759,-660,4446,5106,-52,105,-157
".Madison County, Indiana",-2068,-87,13666,13753,-1898,516,-2414
".Marion County, Indiana",61207,59971,133127,73156,1853,31103,-29250
".Marshall County, Indiana",-792,1158,5419,4261,-1949,329,-2278
".Martin County, Indiana",-125,182,1147,965,-304,-3,-301
".Miami County, Indiana",-1389,57,3454,3397,-1453,128,-1581
".Monroe County, Indiana",10469,3414,11884,8470,7104,9055,-1951
".Montgomery County, Indiana",217,569,4195,3626,-328,191,-519
".Morgan County, Indiana",1563,1075,7176,6101,551,283,268
".Newton County, Indiana",-255,-149,1303,1452,-99,140,-239
".Noble County, Indiana",206,1497,5629,4132,-1275,-3,-1272
".Ohio County, Indiana",-223,-57,532,589,-164,10,-174
".Orange County, Indiana",-200,102,2174,2072,-302,88,-390
".Owen County, Indiana",-774,-165,2018,2183,-608,33,-641
".Parke County, Indiana",-412,350,1856,1506,-768,22,-790
".Perry County, Indiana",-169,0,1900,1900,-161,-18,-143
".Pike County, Indiana",-311,-61,1276,1337,-245,58,-303
".Porter County, Indiana",6100,2608,15997,13389,3642,811,2831
".Posey County, Indiana",-485,243,2484,2241,-728,28,-756
".Pulaski County, Indiana",-1029,-143,1237,1380,-893,72,-965
".Putnam County, Indiana",-369,72,3324,3252,-435,313,-748
".Randolph County, Indiana",-1511,80,2761,2681,-1603,36,-1639
".Ripley County, Indiana",-488,282,3119,2837,-762,131,-893
".Rush County, Indiana",-811,-68,1713,1781,-746,17,-763
".St. Joseph County, Indiana",4912,8498,32418,23920,-3494,5168,-8662
".Scott County, Indiana",-322,-272,2583,2855,-44,107,-151
".Shelby County, Indiana",350,484,4662,4178,-102,196,-298
".Spencer County, Indiana",-678,159,2006,1847,-837,-11,-826
".Starke County, Indiana",-367,-89,2445,2534,-259,-18,-241
".Steuben County, Indiana",447,494,3433,2939,-15,83,-98
".Sullivan County, Indiana",-806,-119,2058,2177,-685,-11,-674
".Switzerland County, Indiana",64,164,1134,970,-102,82,-184
".Tippecanoe County, Indiana",22929,10200,20968,10768,12787,15417,-2630
".Tipton County, Indiana",-788,-208,1377,1585,-588,35,-623
".Union County, Indiana",-462,8,662,654,-471,-60,-411
".Vanderburgh County, Indiana",1750,2797,20591,17794,-879,1416,-2295
".Vermillion County, Indiana",-712,-440,1515,1955,-272,89,-361
".Vigo County, Indiana",-814,1057,11740,10683,-1820,1487,-3307
".Wabash County, Indiana",-1892,-796,3112,3908,-1092,66,-1158
".Warren County, Indiana",-246,92,818,726,-337,25,-362
".Warrick County, Indiana",3309,888,5969,5081,2459,505,1954
".Washington County, Indiana",-218,107,2928,2821,-315,10,-325
".Wayne County, Indiana",-3112,-628,7229,7857,-2466,303,-2769
".Wells County, Indiana",659,575,3153,2578,99,210,-111
".White County, Indiana",-536,150,2702,2552,-672,170,-842
".Whitley County, Indiana",677,825,3664,2839,-127,102,-229
".Adair County, Iowa",-530,-276,680,956,-254,16,-270
".Adams County, Iowa",-427,-61,380,441,-373,0,-373
".Allamakee County, Iowa",-641,171,1697,1526,-813,215,-1028
".Appanoose County, Iowa",-461,-230,1337,1567,-221,17,-238
".Audubon County, Iowa",-623,-173,566,739,-449,9,-458
".Benton County, Iowa",-424,486,2676,2190,-915,62,-977
".Black Hawk County, Iowa",142,4631,15771,11140,-4405,2573,-6978
".Boone County, Iowa",-74,-53,2684,2737,-3,-90,87
".Bremer County, Iowa",782,409,2404,1995,394,239,155
".Buchanan County, Iowa",222,692,2608,1916,-456,55,-511
".Buena Vista County, Iowa",-645,1190,2886,1696,-1846,721,-2567
".Butler County, Iowa",-430,-315,1380,1695,-105,84,-189
".Calhoun County, Iowa",-509,-281,1003,1284,-225,34,-259
".Carroll County, Iowa",-651,148,2376,2228,-801,59,-860
".Cass County, Iowa",-1116,-459,1336,1795,-648,49,-697
".Cedar County, Iowa",186,82,1712,1630,116,43,73
".Cerro Gordo County, Iowa",-1703,-357,4299,4656,-1330,233,-1563
".Cherokee County, Iowa",-832,-320,1154,1474,-516,34,-550
".Chickasaw County, Iowa",-509,71,1303,1232,-580,46,-626
".Clarke County, Iowa",109,156,1156,1000,-39,123,-162
".Clay County, Iowa",-651,91,1830,1739,-737,39,-776
".Clayton County, Iowa",-579,-69,1742,1811,-504,76,-580
".Clinton County, Iowa",-2688,67,5191,5124,-2772,245,-3017
".Crawford County, Iowa",-276,663,2183,1520,-942,396,-1338
".Dallas County, Iowa",27314,7256,11217,3961,19811,2020,17791
".Davis County, Iowa",247,545,1333,788,-296,0,-296
".Decatur County, Iowa",-586,17,879,862,-604,67,-671
".Delaware County, Iowa",-759,284,1872,1588,-1048,65,-1113
".Des Moines County, Iowa",-1358,-13,4234,4247,-1333,168,-1501
".Dickinson County, Iowa",591,-369,1473,1842,974,59,915
".Dubuque County, Iowa",3668,2707,11009,8302,1034,815,219
".Emmet County, Iowa",-1094,-138,1009,1147,-962,139,-1101
".Fayette County, Iowa",-1232,-339,1975,2314,-897,199,-1096
".Floyd County, Iowa",-651,10,1763,1753,-653,71,-724
".Franklin County, Iowa",-610,25,1130,1105,-641,55,-696
".Fremont County, Iowa",-478,-105,721,826,-379,22,-401
".Greene County, Iowa",-449,-141,967,1108,-307,5,-312
".Grundy County, Iowa",-221,-32,1202,1234,-183,3,-186
".Guthrie County, Iowa",-266,-126,1000,1126,-134,44,-178
".Hamilton County, Iowa",-902,48,1654,1606,-957,62,-1019
".Hancock County, Iowa",-708,-116,1040,1156,-592,26,-618
".Hardin County, Iowa",-688,-326,1678,2004,-344,128,-472
".Harrison County, Iowa",-888,-226,1452,1678,-669,-8,-661
".Henry County, Iowa",-191,128,2108,1980,-329,146,-475
".Howard County, Iowa",-406,66,1087,1021,-470,-8,-462
".Humboldt County, Iowa",-256,-76,994,1070,-175,51,-226
".Ida County, Iowa",-229,-181,713,894,-45,17,-62
".Iowa County, Iowa",-172,78,1723,1645,-243,-24,-219
".Jackson County, Iowa",-414,-121,1969,2090,-281,13,-294
".Jasper County, Iowa",343,327,3821,3494,38,73,-35
".Jefferson County, Iowa",1455,-116,1403,1519,1572,2195,-623
".Johnson County, Iowa",20258,10171,16549,6378,10086,7821,2265
".Jones County, Iowa",45,82,1924,1842,-29,135,-164
".Keokuk County, Iowa",-264,80,1134,1054,-344,37,-381
".Kossuth County, Iowa",-732,-143,1534,1677,-582,59,-641
".Lee County, Iowa",-2205,-214,3745,3959,-1984,16,-2000
".Linn County, Iowa",15463,9740,25595,15855,5939,2948,2991
".Louisa County, Iowa",-352,275,1250,975,-635,321,-956
".Lucas County, Iowa",-300,-23,965,988,-273,12,-285
".Lyon County, Iowa",174,529,1571,1042,-355,27,-382
".Madison County, Iowa",657,145,1528,1383,513,71,442
".Mahaska County, Iowa",-287,462,2573,2111,-740,211,-951
".Marion County, Iowa",-54,258,3364,3106,-306,100,-406
".Marshall County, Iowa",-1279,547,4962,4415,-1836,986,-2822
".Mills County, Iowa",50,140,1380,1240,-89,11,-100
".Mitchell County, Iowa",-190,-90,1143,1233,-88,22,-110
".Monona County, Iowa",-627,-529,807,1336,-93,13,-106
".Monroe County, Iowa",-265,-157,795,952,-100,41,-141
".Montgomery County, Iowa",-823,-305,1063,1368,-518,22,-540
".Muscatine County, Iowa",-139,1349,5002,3653,-1485,728,-2213
".O'Brien County, Iowa",-645,-200,1541,1741,-439,35,-474
".Osceola County, Iowa",-504,-8,635,643,-502,48,-550
".Page County, Iowa",-839,-372,1514,1886,-462,59,-521
".Palo Alto County, Iowa",-535,-197,965,1162,-337,150,-487
".Plymouth County, Iowa",193,370,2621,2251,-169,193,-362
".Pocahontas County, Iowa",-691,-170,699,869,-528,14,-542
".Polk County, Iowa",59530,31684,62852,31168,27787,9408,18379
".Pottawattamie County, Iowa",57,2557,10919,8362,-2463,206,-2669
".Poweshiek County, Iowa",-411,-401,1628,2029,-7,261,-268
".Ringgold County, Iowa",-236,-206,503,709,-29,13,-42
".Sac County, Iowa",-629,-256,1022,1278,-365,0,-365
".Scott County, Iowa",7720,6630,20277,13647,1166,1703,-537
".Shelby County, Iowa",-715,-260,1085,1345,-451,28,-479
".Sioux County, Iowa",1151,2327,4653,2326,-1183,508,-1691
".Story County, Iowa",7575,3824,8517,4693,3709,6437,-2728
".Tama County, Iowa",-913,116,2030,1914,-1028,40,-1068
".Taylor County, Iowa",-196,-7,694,701,-189,50,-239
".Union County, Iowa",-293,-101,1261,1362,-193,78,-271
".Van Buren County, Iowa",-527,-7,830,837,-519,1,-520
".Wapello County, Iowa",-655,294,4056,3762,-928,953,-1881
".Warren County, Iowa",5240,1387,5112,3725,3884,100,3784
".Washington County, Iowa",261,435,2685,2250,-157,41,-198
".Wayne County, Iowa",38,30,809,779,12,8,4
".Webster County, Iowa",-2107,-59,4055,4114,-2056,411,-2467
".Winnebago County, Iowa",-520,-129,1037,1166,-397,21,-418
".Winneshiek County, Iowa",-1067,-76,1594,1670,-990,55,-1045
".Woodbury County, Iowa",932,5214,13896,8682,-4292,1629,-5921
".Worth County, Iowa",-210,-62,716,778,-148,7,-155
".Wright County, Iowa",-667,-108,1407,1515,-558,118,-676
".Allen County, Kansas",-1003,-274,1334,1608,-732,77,-809
".Anderson County, Kansas",-244,10,912,902,-254,-31,-223
".Atchison County, Kansas",-848,143,1809,1666,-996,-15,-981
".Barber County, Kansas",-437,16,553,537,-455,6,-461
".Barton County, Kansas",-1893,372,3123,2751,-2263,31,-2294
".Bourbon County, Kansas",-638,116,1855,1739,-753,138,-891
".Brown County, Kansas",-420,62,1212,1150,-483,3,-486
".Butler County, Kansas",1027,1177,6989,5812,-138,267,-405
".Chase County, Kansas",-142,-77,225,302,-63,0,-63
".Chautauqua County, Kansas",-419,-190,300,490,-229,1,-230
".Cherokee County, Kansas",-1668,-348,2113,2461,-1325,13,-1338
".Cheyenne County, Kansas",-69,-60,284,344,-8,24,-32
".Clark County, Kansas",-221,-75,219,294,-148,0,-148
".Clay County, Kansas",-543,-23,936,959,-519,-2,-517
".Cloud County, Kansas",-747,-229,1013,1242,-518,91,-609
".Coffey County, Kansas",-419,-78,828,906,-339,7,-346
".Comanche County, Kansas",-191,-86,193,279,-109,-5,-104
".Cowley County, Kansas",-1401,91,4055,3964,-1494,337,-1831
".Crawford County, Kansas",-317,659,4479,3820,-970,963,-1933
".Decatur County, Kansas",-138,-126,300,426,-12,22,-34
".Dickinson County, Kansas",-1283,-101,2047,2148,-1183,38,-1221
".Doniphan County, Kansas",-348,6,727,721,-353,27,-380
".Douglas County, Kansas",11433,4907,11149,6242,6564,5122,1442
".Edwards County, Kansas",-239,-33,290,323,-213,27,-240
".Elk County, Kansas",-352,-130,253,383,-227,1,-228
".Ellis County, Kansas",101,934,3252,2318,-840,530,-1370
".Ellsworth County, Kansas",-395,-215,552,767,-180,10,-190
".Finney County, Kansas",-318,4322,6283,1961,-4690,1215,-5905
".Ford County, Kansas",-225,3722,5931,2209,-4000,2131,-6131
".Franklin County, Kansas",-452,491,2894,2403,-936,89,-1025
".Geary County, Kansas",-2686,7279,9176,1897,-10191,1474,-11665
".Gove County, Kansas",-65,-44,304,348,-21,15,-36
".Graham County, Kansas",-106,-100,214,314,-8,30,-38
".Grant County, Kansas",-674,625,1102,477,-1317,-38,-1279
".Gray County, Kansas",-13,372,812,440,-395,110,-505
".Greeley County, Kansas",-16,12,181,169,-30,17,-47
".Greenwood County, Kansas",-707,-305,568,873,-403,0,-403
".Hamilton County, Kansas",-148,119,353,234,-271,136,-407
".Harper County, Kansas",-598,-195,642,837,-401,25,-426
".Harvey County, Kansas",-255,229,3809,3580,-474,358,-832
".Haskell County, Kansas",-288,235,470,235,-532,35,-567
".Hodgeman County, Kansas",-124,2,193,191,-130,56,-186
".Jackson County, Kansas",-289,306,1566,1260,-600,-15,-585
".Jefferson County, Kansas",-65,33,1712,1679,-92,-9,-83
".Jewell County, Kansas",-194,-89,273,362,-104,1,-105
".Johnson County, Kansas",58220,33341,67926,34585,25309,10776,14533
".Kearny County, Kansas",-144,240,566,326,-392,62,-454
".Kingman County, Kansas",-708,-335,728,1063,-373,-10,-363
".Kiowa County, Kansas",-78,70,306,236,-150,22,-172
".Labette County, Kansas",-1991,35,2466,2431,-2042,12,-2054
".Lane County, Kansas",-214,-75,165,240,-138,0,-138
".Leavenworth County, Kansas",5538,3475,8940,5465,2111,1024,1087
".Lincoln County, Kansas",-279,-66,273,339,-216,9,-225
".Linn County, Kansas",47,-147,905,1052,194,2,192
".Logan County, Kansas",35,43,357,314,-6,8,-14
".Lyon County, Kansas",-497,1200,3804,2604,-1729,742,-2471
".McPherson County, Kansas",-644,-404,3016,3420,-236,66,-302
".Marion County, Kansas",-776,-446,1055,1501,-331,64,-395
".Marshall County, Kansas",-410,-34,1111,1145,-371,25,-396
".Meade County, Kansas",-542,61,493,432,-615,68,-683
".Miami County, Kansas",1456,766,3403,2637,690,60,630
".Mitchell County, Kansas",-394,-117,709,826,-278,43,-321
".Montgomery County, Kansas",-3639,-182,3828,4010,-3488,564,-4052
".Morris County, Kansas",-303,-100,592,692,-204,47,-251
".Morton County, Kansas",-646,26,338,312,-679,5,-684
".Nemaha County, Kansas",53,170,1320,1150,-108,26,-134
".Neosho County, Kansas",-504,100,1921,1821,-602,261,-863
".Ness County, Kansas",-357,-144,268,412,-210,60,-270
".Norton County, Kansas",-308,-79,494,573,-230,5,-235
".Osage County, Kansas",-345,-232,1557,1789,-108,25,-133
".Osborne County, Kansas",-440,-135,400,535,-303,26,-329
".Ottawa County, Kansas",-387,-135,505,640,-253,13,-266
".Pawnee County, Kansas",-557,-92,639,731,-464,-14,-450
".Phillips County, Kansas",-406,-124,538,662,-282,10,-292
".Pottawatomie County, Kansas",2775,1726,3335,1609,1062,95,967
".Pratt County, Kansas",-489,125,1177,1052,-613,50,-663
".Rawlins County, Kansas",11,-75,261,336,90,41,49
".Reno County, Kansas",-2513,-250,6619,6869,-2229,229,-2458
".Republic County, Kansas",-344,-344,456,800,3,36,-33
".Rice County, Kansas",-545,-30,1080,1110,-512,87,-599
".Riley County, Kansas",3102,6187,9366,3179,-3361,6213,-9574
".Rooks County, Kansas",-261,-46,547,593,-214,13,-227
".Rush County, Kansas",-271,-186,277,463,-85,3,-88
".Russell County, Kansas",-111,-74,754,828,-33,-45,12
".Saline County, Kansas",-1380,1827,6780,4953,-3191,178,-3369
".Scott County, Kansas",-113,73,565,492,-184,18,-202
".Sedgwick County, Kansas",17686,28293,68226,39933,-10369,8377,-18746
".Seward County, Kansas",-1522,2838,4026,1188,-4402,958,-5360
".Shawnee County, Kansas",-1068,4455,21076,16621,-5449,1593,-7042
".Sheridan County, Kansas",-23,-10,259,269,-11,12,-23
".Sherman County, Kansas",-93,67,715,648,-161,-16,-145
".Smith County, Kansas",-270,-202,338,540,-68,0,-68
".Stafford County, Kansas",-283,-65,454,519,-218,0,-218
".Stanton County, Kansas",-230,95,274,179,-330,65,-395
".Stevens County, Kansas",-241,292,709,417,-543,198,-741
".Sumner County, Kansas",-1301,70,2479,2409,-1377,94,-1471
".Thomas County, Kansas",-125,381,1052,671,-513,74,-587
".Trego County, Kansas",-203,-140,275,415,-62,10,-72
".Wabaunsee County, Kansas",-124,175,753,578,-301,24,-325
".Wallace County, Kansas",33,16,172,156,15,1,14
".Washington County, Kansas",-388,-13,650,663,-379,29,-408
".Wichita County, Kansas",-115,37,252,215,-153,8,-161
".Wilson County, Kansas",-881,-84,1038,1122,-798,8,-806
".Woodson County, Kansas",-171,-134,312,446,-40,0,-40
".Wyandotte County, Kansas",7906,11989,24708,12719,-3972,5392,-9364
".Adair County, Kentucky",543,74,1880,1806,460,38,422
".Allen County, Kentucky",1357,228,2290,2062,1141,13,1128
".Anderson County, Kentucky",1285,370,2355,1985,930,67,863
".Ballard County, Kentucky",-358,-209,752,961,-146,13,-159
".Barren County, Kentucky",2088,559,5101,4542,1555,200,1355
".Bath County, Kentucky",913,265,1586,1321,650,3,647
".Bell County, Kentucky",-2659,-402,3168,3570,-2268,23,-2291
".Boone County, Kentucky",14771,8070,15657,7587,6779,1684,5095
".Bourbon County, Kentucky",-220,54,2053,1999,-260,139,-399
".Boyd County, Kentucky",-2816,-341,5273,5614,-2460,-52,-2408
".Boyle County, Kentucky",1617,-25,2891,2916,1614,121,1493
".Bracken County, Kentucky",-183,76,940,864,-256,29,-285
".Breathitt County, Kentucky",-1246,-248,1560,1808,-1001,17,-1018
".Breckinridge County, Kentucky",424,-38,2099,2137,467,38,429
".Bullitt County, Kentucky",7368,1899,7243,5344,5462,-14,5476
".Butler County, Kentucky",182,50,1423,1373,139,56,83
".Caldwell County, Kentucky",-242,-156,1362,1518,-76,-7,-69
".Calloway County, Kentucky",1811,-85,3545,3630,1896,1131,765
".Campbell County, Kentucky",3246,2571,10383,7812,718,825,-107
".Carlisle County, Kentucky",-337,-24,586,610,-311,12,-323
".Carroll County, Kentucky",-176,246,1434,1188,-433,62,-495
".Carter County, Kentucky",-924,359,3256,2897,-1268,61,-1329
".Casey County, Kentucky",199,35,1800,1765,176,-23,199
".Christian County, Kentucky",-3479,8087,13630,5543,-11638,2051,-13689
".Clark County, Kentucky",660,166,3943,3777,512,-12,524
".Clay County, Kentucky",-1828,74,2529,2455,-1923,39,-1962
".Clinton County, Kentucky",-49,-137,1070,1207,93,81,12
".Crittenden County, Kentucky",-509,-248,912,1160,-250,-8,-242
".Cumberland County, Kentucky",-235,-212,705,917,-19,22,-41
".Daviess County, Kentucky",4870,2815,12302,9487,2147,1078,1069
".Edmonson County, Kentucky",-27,-262,1015,1277,238,-1,239
".Elliott County, Kentucky",-333,-46,632,678,-292,2,-294
".Estill County, Kentucky",-573,-372,1409,1781,-196,4,-200
".Fayette County, Kentucky",27282,15884,36974,21090,11525,10446,1079
".Fleming County, Kentucky",235,213,1809,1596,32,-8,40
".Floyd County, Kentucky",-3861,-415,4427,4842,-3557,66,-3623
".Franklin County, Kentucky",1723,515,5414,4899,1250,545,705
".Fulton County, Kentucky",-844,-249,676,925,-606,2,-608
".Gallatin County, Kentucky",283,150,1061,911,133,65,68
".Garrard County, Kentucky",761,153,1730,1577,614,5,609
".Grant County, Kentucky",414,1235,3374,2139,-824,-92,-732
".Graves County, Kentucky",115,525,4645,4120,-394,442,-836
".Grayson County, Kentucky",678,17,3018,3001,678,22,656
".Green County, Kentucky",-314,-238,1048,1286,-74,21,-95
".Greenup County, Kentucky",-1808,-750,3514,4264,-1037,-27,-1010
".Hancock County, Kentucky",157,260,1024,764,-99,-5,-94
".Hardin County, Kentucky",5421,6006,14248,8242,-721,1840,-2561
".Harlan County, Kentucky",-3268,-543,3336,3879,-2746,21,-2767
".Harrison County, Kentucky",36,-46,2014,2060,92,75,17
".Hart County, Kentucky",841,445,2391,1946,409,42,367
".Henderson County, Kentucky",-1036,406,5053,4647,-1410,-7,-1403
".Henry County, Kentucky",713,46,1654,1608,674,43,631
".Hickman County, Kentucky",-523,-212,370,582,-311,-2,-309
".Hopkins County, Kentucky",-2232,-527,4970,5497,-1687,189,-1876
".Jackson County, Kentucky",-161,-30,1502,1532,-130,-5,-125
".Jefferson County, Kentucky",25682,21104,91883,70779,5286,18109,-12823
".Jessamine County, Kentucky",5535,2081,6113,4032,3461,808,2653
".Johnson County, Kentucky",-1171,-208,2592,2800,-953,-20,-933
".Kenton County, Kentucky",7270,7880,21327,13447,-476,879,-1355
".Knott County, Kentucky",-1558,-342,1564,1906,-1219,3,-1222
".Knox County, Kentucky",-743,33,3707,3674,-765,75,-840
".Larue County, Kentucky",217,-65,1468,1533,289,-7,296
".Laurel County, Kentucky",1964,1219,6807,5588,799,66,733
".Lawrence County, Kentucky",-542,-74,1855,1929,-457,82,-539
".Lee County, Kentucky",-484,-235,682,917,-310,4,-314
".Leslie County, Kentucky",-1433,-305,1186,1491,-1136,-14,-1122
".Letcher County, Kentucky",-2958,-506,2513,3019,-2478,24,-2502
".Lewis County, Kentucky",-608,-76,1456,1532,-528,-9,-519
".Lincoln County, Kentucky",-187,386,3037,2651,-564,-9,-555
".Livingston County, Kentucky",-325,-265,924,1189,-57,10,-67
".Logan County, Kentucky",270,374,3214,2840,-94,-9,-85
".Lyon County, Kentucky",-109,-552,492,1044,438,-9,447
".McCracken County, Kentucky",-121,-247,7177,7424,193,23,170
".McCreary County, Kentucky",-1075,112,2039,1927,-1193,-17,-1176
".McLean County, Kentucky",-333,-107,1012,1119,-224,18,-242
".Madison County, Kentucky",10074,2439,9227,6788,7561,649,6912
".Magoffin County, Kentucky",-1172,-59,1391,1450,-1119,15,-1134
".Marion County, Kentucky",-562,300,2230,1930,-896,78,-974
".Marshall County, Kentucky",-348,-1009,2907,3916,681,57,624
".Martin County, Kentucky",-1734,-137,1161,1298,-1612,-7,-1605
".Mason County, Kentucky",-420,-4,1942,1946,-414,83,-497
".Meade County, Kentucky",-41,263,2481,2218,-352,324,-676
".Menifee County, Kentucky",180,-74,652,726,251,-5,256
".Mercer County, Kentucky",622,-131,2309,2440,768,175,593
".Metcalfe County, Kentucky",-45,18,1187,1169,-61,0,-61
".Monroe County, Kentucky",-313,-199,1213,1412,-112,37,-149
".Montgomery County, Kentucky",1650,870,3478,2608,796,-54,850
".Morgan County, Kentucky",-612,-178,1175,1353,-457,45,-502
".Muhlenberg County, Kentucky",-877,-318,3199,3517,-550,-13,-537
".Nelson County, Kentucky",2792,1701,5337,3636,1114,-39,1153
".Nicholas County, Kentucky",140,-81,826,907,224,2,222
".Ohio County, Kentucky",140,119,2710,2591,44,-5,49
".Oldham County, Kentucky",6443,1475,5088,3613,4975,251,4724
".Owen County, Kentucky",64,-51,973,1024,117,1,116
".Owsley County, Kentucky",-340,-197,498,695,-150,-3,-147
".Pendleton County, Kentucky",-284,179,1588,1409,-460,28,-488
".Perry County, Kentucky",-2939,-355,3523,3878,-2608,99,-2707
".Pike County, Kentucky",-7153,-1228,6279,7507,-5973,36,-6009
".Powell County, Kentucky",-254,-72,1469,1541,-182,18,-200
".Pulaski County, Kentucky",1918,-475,6922,7397,2449,225,2224
".Robertson County, Kentucky",-174,-80,214,294,-97,0,-97
".Rockcastle County, Kentucky",-361,-219,1635,1854,-138,9,-147
".Rowan County, Kentucky",1124,422,2541,2119,676,50,626
".Russell County, Kentucky",358,-191,1986,2177,561,139,422
".Scott County, Kentucky",9908,2859,6190,3331,6981,339,6642
".Shelby County, Kentucky",7053,2146,5437,3291,4888,855,4033
".Simpson County, Kentucky",1243,287,2085,1798,958,67,891
".Spencer County, Kentucky",2209,525,1780,1255,1684,53,1631
".Taylor County, Kentucky",1258,344,3053,2709,912,310,602
".Todd County, Kentucky",-169,407,1638,1231,-580,84,-664
".Trigg County, Kentucky",324,-189,1380,1569,515,6,509
".Trimble County, Kentucky",-338,21,866,845,-360,-5,-355
".Union County, Kentucky",-626,-49,1512,1561,-613,-31,-582
".Warren County, Kentucky",19115,5933,14838,8905,13144,4586,8558
".Washington County, Kentucky",382,25,1297,1272,353,123,230
".Wayne County, Kentucky",-480,28,2144,2116,-498,19,-517
".Webster County, Kentucky",-679,-50,1516,1566,-629,70,-699
".Whitley County, Kentucky",631,673,5113,4440,-30,73,-103
".Wolfe County, Kentucky",-198,-97,844,941,-108,-20,-88
".Woodford County, Kentucky",1788,501,2621,2120,1303,128,1175
".Acadia Parish, Louisiana",258,2099,8105,6006,-1798,276,-2074
".Allen Parish, Louisiana",-120,615,2993,2378,-723,45,-768
".Ascension Parish, Louisiana",19389,8640,15464,6824,10651,637,10014
".Assumption Parish, Louisiana",-1525,308,2380,2072,-1839,78,-1917
".Avoyelles Parish, Louisiana",-1927,551,5061,4510,-2467,143,-2610
".Beauregard Parish, Louisiana",1846,1224,4660,3436,634,263,371
".Bienville Parish, Louisiana",-1112,-317,1565,1882,-794,5,-799
".Bossier Parish, Louisiana",10003,6794,16194,9400,3157,1505,1652
".Caddo Parish, Louisiana",-14710,7559,32854,25295,-22361,964,-23325
".Calcasieu Parish, Louisiana",10664,7719,26075,18356,3091,1169,1922
".Caldwell Parish, Louisiana",-208,19,1164,1145,-221,37,-258
".Cameron Parish, Louisiana",105,213,661,448,-115,-16,-99
".Catahoula Parish, Louisiana",-913,-107,1122,1229,-803,122,-925
".Claiborne Parish, Louisiana",-1525,-270,1490,1760,-1262,37,-1299
".Concordia Parish, Louisiana",-1563,189,2435,2246,-1761,-30,-1731
".De Soto Parish, Louisiana",807,391,3125,2734,434,-8,442
".East Baton Rouge Parish, Louisiana",-466,21116,55762,34646,-21466,7021,-28487
".East Carroll Parish, Louisiana",-898,290,1012,722,-1199,-22,-1177
".East Feliciana Parish, Louisiana",-1125,-293,1934,2227,-828,-5,-823
".Evangeline Parish, Louisiana",-593,967,4427,3460,-1554,583,-2137
".Franklin Parish, Louisiana",-752,144,2648,2504,-888,-11,-877
".Grant Parish, Louisiana",80,349,2299,1950,-253,59,-312
".Iberia Parish, Louisiana",-3257,2900,9613,6713,-6160,608,-6768
".Iberville Parish, Louisiana",-893,642,3634,2992,-1525,16,-1541
".Jackson Parish, Louisiana",-528,-153,1607,1760,-364,-20,-344
".Jefferson Parish, Louisiana",-83,14998,53378,38380,-14923,12099,-27022
".Jefferson Davis Parish, Louisiana",-224,431,3908,3477,-640,41,-681
".Lafayette Parish, Louisiana",22612,14520,30656,16136,8056,2786,5270
".Lafourche Parish, Louisiana",972,3206,11361,8155,-2183,942,-3125
".LaSalle Parish, Louisiana",2,86,1629,1543,-72,87,-159
".Lincoln Parish, Louisiana",2,1711,5230,3519,-1716,1202,-2918
".Livingston Parish, Louisiana",13115,7350,16991,9641,5711,80,5631
".Madison Parish, Louisiana",-1150,317,1545,1228,-1488,-2,-1486
".Morehouse Parish, Louisiana",-3105,-145,3309,3454,-2977,19,-2996
".Natchitoches Parish, Louisiana",-1411,1096,4785,3689,-2496,169,-2665
".Orleans Parish, Louisiana",46316,14129,43792,29663,31281,5925,25356
".Ouachita Parish, Louisiana",-455,6347,20561,14214,-6709,658,-7367
".Plaquemines Parish, Louisiana",162,1040,2706,1666,-895,155,-1050
".Pointe Coupee Parish, Louisiana",-1078,183,2512,2329,-1255,25,-1280
".Rapides Parish, Louisiana",-1961,3276,16469,13193,-5181,598,-5779
".Red River Parish, Louisiana",-649,104,1098,994,-754,70,-824
".Richland Parish, Louisiana",-600,318,2481,2163,-909,-4,-905
".Sabine Parish, Louisiana",-342,133,2655,2522,-460,30,-490
".St. Bernard Parish, Louisiana",11347,2751,5911,3160,8406,439,7967
".St. Charles Parish, Louisiana",212,1965,5833,3868,-1766,336,-2102
".St. Helena Parish, Louisiana",-1073,-64,1037,1101,-1017,3,-1020
".St. James Parish, Louisiana",-1005,642,2507,1865,-1652,43,-1695
".St. John the Baptist Parish, Louisiana",-2973,1531,5289,3758,-4584,404,-4988
".St. Landry Parish, Louisiana",-1266,2754,11659,8905,-3972,12,-3984
".St. Martin Parish, Louisiana",1309,2258,6640,4382,-919,327,-1246
".St. Mary Parish, Louisiana",-5299,1655,6797,5142,-7020,590,-7610
".St. Tammany Parish, Louisiana",26663,6552,26376,19824,20165,1399,18766
".Tangipahoa Parish, Louisiana",13649,6635,17863,11228,7015,508,6507
".Tensas Parish, Louisiana",-916,37,542,505,-964,-2,-962
".Terrebonne Parish, Louisiana",-1082,5375,14976,9601,-6439,611,-7050
".Union Parish, Louisiana",-666,89,2501,2412,-752,102,-854
".Vermilion Parish, Louisiana",1552,2093,7230,5137,-496,237,-733
".Vernon Parish, Louisiana",-4932,5703,9292,3589,-10769,1613,-12382
".Washington Parish, Louisiana",-946,86,5489,5403,-1009,-116,-893
".Webster Parish, Louisiana",-2867,-260,4608,4868,-2607,46,-2653
".West Baton Rouge Parish, Louisiana",2680,1444,3304,1860,1218,-11,1229
".West Carroll Parish, Louisiana",-774,-138,1171,1309,-629,43,-672
".West Feliciana Parish, Louisiana",-57,10,1132,1122,-65,62,-127
".Winn Parish, Louisiana",-1409,-51,1552,1603,-1362,-21,-1341
".Androscoggin County, Maine",568,1802,11771,9969,-1187,1143,-2330
".Aroostook County, Maine",-4818,-1939,6050,7989,-2875,369,-3244
".Cumberland County, Maine",13313,1683,25655,23972,11817,5893,5924
".Franklin County, Maine",-568,-651,2341,2992,93,100,-7
".Hancock County, Maine",579,-1229,4300,5529,1860,573,1287
".Kennebec County, Maine",148,-1372,10840,12212,1623,543,1080
".Knox County, Maine",38,-1095,3129,4224,1171,278,893
".Lincoln County, Maine",189,-1226,2624,3850,1445,195,1250
".Oxford County, Maine",145,-1299,4653,5952,1481,165,1316
".Penobscot County, Maine",-1783,-1025,13391,14416,-654,829,-1483
".Piscataquis County, Maine",-750,-878,1256,2134,144,73,71
".Sagadahoc County, Maine",569,-233,3061,3294,817,30,787
".Somerset County, Maine",-1738,-973,4398,5371,-736,63,-799
".Waldo County, Maine",928,-420,3285,3705,1382,395,987
".Washington County, Maine",-1476,-1230,2703,3933,-220,332,-552
".York County, Maine",10510,-688,17055,17743,11346,570,10776
".Allegany County, Maryland",-4631,-2211,6173,8384,-2401,550,-2951
".Anne Arundel County, Maryland",41603,25269,63840,38571,16706,8234,8472
".Baltimore County, Maryland",22046,15934,90526,74592,6767,24287,-17520
".Calvert County, Maryland",3786,2316,8439,6123,1508,546,962
".Caroline County, Maryland",328,538,3633,3095,-213,474,-687
".Carroll County, Maryland",1306,1043,15065,14022,345,409,-64
".Cecil County, Maryland",1753,1852,10359,8507,-13,498,-511
".Charles County, Maryland",16693,7725,17089,9364,9062,1317,7745
".Dorchester County, Maryland",-694,-125,3420,3545,-548,332,-880
".Frederick County, Maryland",26144,9883,25920,16037,16441,5131,11310
".Garrett County, Maryland",-1125,-295,2631,2926,-820,33,-853
".Harford County, Maryland",10617,5879,24768,18889,4923,2390,2533
".Howard County, Maryland",38567,17385,32172,14787,21350,11338,10012
".Kent County, Maryland",-773,-846,1480,2326,85,54,31
".Montgomery County, Maryland",79404,65198,119798,54600,14268,73211,-58943
".Prince George's County, Maryland",45298,59220,112558,53338,-13467,46700,-60167
".Queen Anne's County, Maryland",2596,554,4377,3823,2087,315,1772
".St. Mary's County, Maryland",8366,5788,12990,7202,2616,1323,1293
".Somerset County, Maryland",-854,-179,2311,2490,-692,302,-994
".Talbot County, Maryland",-600,-940,3099,4039,380,166,214
".Washington County, Maryland",3632,1701,15821,14120,2010,1696,314
".Wicomico County, Maryland",4876,2705,11495,8790,2239,2823,-584
".Worcester County, Maryland",828,-1773,3978,5751,2648,311,2337
".Baltimore city, Maryland",-27280,19351,78867,59516,-46278,16556,-62834
".Barnstable County, Massachusetts",-2890,-12324,14442,26766,9657,3193,6464
".Berkshire County, Massachusetts",-6330,-3812,9885,13697,-2447,2422,-4869
".Bristol County, Massachusetts",16975,4119,52700,48581,13389,12102,1287
".Dukes County, Massachusetts",797,184,1510,1326,615,2,613
".Essex County, Massachusetts",45952,17574,78550,60976,28976,40610,-11634
".Franklin County, Massachusetts",-1201,-907,5507,6414,-247,1399,-1646
".Hampden County, Massachusetts",2757,7070,48103,41033,-4251,22690,-26941
".Hampshire County, Massachusetts",2767,-1715,9775,11490,4413,6245,-1832
".Middlesex County, Massachusetts",108566,56112,160240,104128,53598,106529,-52931
".Nantucket County, Massachusetts",1227,747,1341,594,468,659,-191
".Norfolk County, Massachusetts",35865,13895,66827,52932,22506,30236,-7730
".Plymouth County, Massachusetts",26270,6404,47626,41222,20362,13292,7070
".Suffolk County, Massachusetts",81724,43308,86974,43666,38688,88969,-50281
".Worcester County, Massachusetts",32239,15419,79890,64471,17265,33422,-16157
".Alcona County, Michigan",-538,-1144,561,1705,605,25,580
".Alger County, Michigan",-493,-485,548,1033,-1,23,-24
".Allegan County, Michigan",6681,3682,12481,8799,3069,574,2495
".Alpena County, Michigan",-1189,-912,2494,3406,-250,65,-315
".Antrim County, Michigan",-250,-771,1736,2507,537,54,483
".Arenac County, Michigan",-1020,-824,1123,1947,-179,10,-189
".Baraga County, Michigan",-657,-300,678,978,-353,46,-399
".Barry County, Michigan",2373,889,5850,4961,1520,180,1340
".Bay County, Michigan",-4647,-1418,9713,11131,-3171,186,-3357
".Benzie County, Michigan",240,-503,1414,1917,751,-27,778
".Berrien County, Michigan",-3407,733,16572,15839,-4107,3175,-7282
".Branch County, Michigan",-1725,807,4885,4078,-2535,421,-2956
".Calhoun County, Michigan",-1991,1283,15001,13718,-3249,2544,-5793
".Cass County, Michigan",-502,-296,4487,4783,-174,24,-198
".Charlevoix County, Michigan",188,-455,2134,2589,669,307,362
".Cheboygan County, Michigan",-869,-1078,1907,2985,229,29,200
".Chippewa County, Michigan",-1323,-114,3195,3309,-1224,274,-1498
".Clare County, Michigan",26,-766,3023,3789,812,47,765
".Clinton County, Michigan",4231,1837,7388,5551,2440,752,1688
".Crawford County, Michigan",-52,-445,1146,1591,405,62,343
".Delta County, Michigan",-1285,-712,3328,4040,-545,-8,-537
".Dickinson County, Michigan",-929,-535,2300,2835,-383,7,-390
".Eaton County, Michigan",2507,1528,10652,9124,1070,1481,-411
".Emmet County, Michigan",721,-439,2764,3203,1192,118,1074
".Genesee County, Michigan",-19974,4066,45082,41016,-24248,1840,-26088
".Gladwin County, Michigan",-249,-885,2312,3197,651,37,614
".Gogebic County, Michigan",-2449,-790,1161,1951,-1661,35,-1696
".Grand Traverse County, Michigan",6105,828,8532,7704,5282,142,5140
".Gratiot County, Michigan",-1767,-354,3694,4048,-1415,115,-1530
".Hillsdale County, Michigan",-1086,591,4981,4390,-1664,29,-1693
".Houghton County, Michigan",-941,191,3459,3268,-1155,1258,-2413
".Huron County, Michigan",-2137,-1286,2816,4102,-828,129,-957
".Ingham County, Michigan",11515,10856,30166,19310,539,17538,-16999
".Ionia County, Michigan",796,1978,6760,4782,-1161,65,-1226
".Iosco County, Michigan",-766,-1572,2104,3676,811,48,763
".Iron County, Michigan",-751,-881,848,1729,142,5,137
".Isabella County, Michigan",-441,1762,6129,4367,-2256,1819,-4075
".Jackson County, Michigan",-1723,1215,16506,15291,-2843,698,-3541
".Kalamazoo County, Michigan",14739,9446,28774,19328,5485,4483,1002
".Kalkaska County, Michigan",891,-148,1608,1756,1040,63,977
".Kent County, Michigan",54330,38752,81249,42497,15917,13363,2554
".Keweenaw County, Michigan",-40,-54,151,205,14,3,11
".Lake County, Michigan",309,-520,952,1472,819,31,788
".Lapeer County, Michigan",-709,-214,7446,7660,-472,323,-795
".Leelanau County, Michigan",50,-580,1577,2157,639,128,511
".Lenawee County, Michigan",-1448,216,9501,9285,-1653,365,-2018
".Livingston County, Michigan",11031,3267,16416,13149,7912,671,7241
".Luce County, Michigan",-402,-171,498,669,-232,20,-252
".Mackinac County, Michigan",-315,-511,774,1285,200,220,-20
".Macomb County, Michigan",32933,7316,85503,78187,26331,21809,4522
".Manistee County, Michigan",-189,-1072,1851,2923,893,104,789
".Marquette County, Michigan",-372,-361,5794,6155,24,376,-352
".Mason County, Michigan",455,-350,2709,3059,831,78,753
".Mecosta County, Michigan",655,351,3873,3522,319,430,-111
".Menominee County, Michigan",-1249,-693,1806,2499,-536,5,-541
".Midland County, Michigan",-465,1232,7933,6701,-1688,1160,-2848
".Missaukee County, Michigan",267,169,1667,1498,103,84,19
".Monroe County, Michigan",-1531,841,14053,13212,-2352,285,-2637
".Montcalm County, Michigan",546,1144,6706,5562,-592,92,-684
".Montmorency County, Michigan",-432,-851,601,1452,422,16,406
".Muskegon County, Michigan",1372,3782,19514,15732,-2385,547,-2932
".Newaygo County, Michigan",521,446,5046,4600,91,147,-56
".Oakland County, Michigan",55200,27678,123354,95676,28329,49331,-21002
".Oceana County, Michigan",-103,269,2739,2470,-363,351,-714
".Ogemaw County, Michigan",-691,-1069,1767,2836,396,99,297
".Ontonagon County, Michigan",-1060,-634,283,917,-428,21,-449
".Osceola County, Michigan",-66,197,2456,2259,-250,84,-334
".Oscoda County, Michigan",-397,-399,775,1174,1,11,-10
".Otsego County, Michigan",501,-94,2324,2418,612,66,546
".Ottawa County, Michigan",28035,13813,30841,17028,14368,4109,10259
".Presque Isle County, Michigan",-788,-921,890,1811,143,27,116
".Roscommon County, Michigan",-429,-2170,1557,3727,1733,91,1642
".Saginaw County, Michigan",-9630,1529,20833,19304,-11236,1809,-13045
".St. Clair County, Michigan",-3923,-1737,14289,16026,-2133,631,-2764
".St. Joseph County, Michigan",-339,1502,7324,5822,-1821,320,-2141
".Sanilac County, Michigan",-1936,-337,4075,4412,-1597,66,-1663
".Schoolcraft County, Michigan",-391,-401,623,1024,10,2,8
".Shiawassee County, Michigan",-2546,-128,6473,6601,-2424,94,-2518
".Tuscola County, Michigan",-3477,-277,5078,5355,-3227,92,-3319
".Van Buren County, Michigan",-592,1335,8277,6942,-1936,455,-2391
".Washtenaw County, Michigan",22438,13531,33966,20435,9093,18202,-9109
".Wayne County, Michigan",-71130,48443,215688,167245,-121285,38142,-159427
".Wexford County, Michigan",896,406,3669,3263,510,98,412
".Aitkin County, Minnesota",-306,-888,1070,1958,594,7,587
".Anoka County, Minnesota",26063,20409,38767,18358,5949,3576,2373
".Becker County, Minnesota",1917,691,3889,3198,1259,280,979
".Beltrami County, Minnesota",2745,2505,6316,3811,267,361,-94
".Benton County, Minnesota",2438,2099,5242,3143,353,368,-15
".Big Stone County, Minnesota",-277,-146,541,687,-124,12,-136
".Blue Earth County, Minnesota",3640,2387,6809,4422,1274,1177,97
".Brown County, Minnesota",-885,-173,2535,2708,-705,93,-798
".Carlton County, Minnesota",485,-46,3391,3437,559,69,490
".Carver County, Minnesota",14003,6254,10699,4445,7791,578,7213
".Cass County, Minnesota",1214,110,2999,2889,1110,83,1027
".Chippewa County, Minnesota",-643,102,1500,1398,-750,213,-963
".Chisago County, Minnesota",2689,1610,5264,3654,1096,185,911
".Clay County, Minnesota",5223,3466,7784,4318,1785,979,806
".Clearwater County, Minnesota",123,126,1009,883,1,41,-40
".Cook County, Minnesota",287,-6,423,429,292,178,114
".Cottonwood County, Minnesota",-491,134,1381,1247,-625,24,-649
".Crow Wing County, Minnesota",2543,414,6524,6110,2188,168,2020
".Dakota County, Minnesota",30431,25833,48180,22347,4803,5642,-839
".Dodge County, Minnesota",847,986,2308,1322,-133,117,-250
".Douglas County, Minnesota",2130,78,3848,3770,2080,51,2029
".Faribault County, Minnesota",-900,-359,1368,1727,-545,-4,-541
".Fillmore County, Minnesota",199,213,2370,2157,-4,178,-182
".Freeborn County, Minnesota",-973,-239,3115,3354,-723,228,-951
".Goodhue County, Minnesota",156,346,4745,4399,-162,110,-272
".Grant County, Minnesota",-46,-36,615,651,-8,1,-9
".Hennepin County, Minnesota",113458,74223,151205,76982,40027,45898,-5871
".Houston County, Minnesota",-420,164,1796,1632,-578,25,-603
".Hubbard County, Minnesota",1064,135,2013,1878,938,65,873
".Isanti County, Minnesota",2786,1340,4185,2845,1453,171,1282
".Itasca County, Minnesota",72,-505,4284,4789,625,62,563
".Jackson County, Minnesota",-420,25,1005,980,-446,42,-488
".Kanabec County, Minnesota",93,110,1482,1372,-15,70,-85
".Kandiyohi County, Minnesota",960,1809,5364,3555,-844,1690,-2534
".Kittson County, Minnesota",-254,-129,466,595,-120,20,-140
".Koochiching County, Minnesota",-1085,-413,968,1381,-670,49,-719
".Lac qui Parle County, Minnesota",-635,-231,596,827,-411,40,-451
".Lake County, Minnesota",-221,-327,985,1312,116,63,53
".Lake of the Woods County, Minnesota",-305,-107,311,418,-197,13,-210
".Le Sueur County, Minnesota",1186,981,2991,2010,212,179,33
".Lincoln County, Minnesota",-256,-79,647,726,-171,0,-171
".Lyon County, Minnesota",-384,1313,3354,2041,-1727,853,-2580
".McLeod County, Minnesota",-752,713,3792,3079,-1475,138,-1613
".Mahnomen County, Minnesota",114,354,946,592,-236,3,-239
".Marshall County, Minnesota",-103,284,1014,730,-384,14,-398
".Martin County, Minnesota",-1160,-228,2083,2311,-928,11,-939
".Meeker County, Minnesota",-76,493,2539,2046,-563,156,-719
".Mille Lacs County, Minnesota",180,319,2997,2678,-134,70,-204
".Morrison County, Minnesota",188,550,3500,2950,-347,65,-412
".Mower County, Minnesota",895,1151,4726,3575,-236,1171,-1407
".Murray County, Minnesota",-531,-116,808,924,-416,71,-487
".Nicollet County, Minnesota",1545,1441,3508,2067,112,333,-221
".Nobles County, Minnesota",251,1745,3415,1670,-1524,1377,-2901
".Norman County, Minnesota",-470,-218,679,897,-254,72,-326
".Olmsted County, Minnesota",14025,10459,19814,9355,3649,5038,-1389
".Otter Tail County, Minnesota",1445,-247,6002,6249,1755,432,1323
".Pennington County, Minnesota",189,417,1652,1235,-215,128,-343
".Pine County, Minnesota",-168,3,2570,2567,-166,27,-193
".Pipestone County, Minnesota",-471,95,1133,1038,-569,167,-736
".Polk County, Minnesota",-236,668,3836,3168,-894,393,-1287
".Pope County, Minnesota",256,-7,1150,1157,269,28,241
".Ramsey County, Minnesota",41682,33352,71186,37834,8705,25886,-17181
".Red Lake County, Minnesota",-34,124,456,332,-162,12,-174
".Redwood County, Minnesota",-888,47,1755,1708,-936,44,-980
".Renville County, Minnesota",-1180,-46,1678,1724,-1146,101,-1247
".Rice County, Minnesota",2829,2328,6784,4456,517,1625,-1108
".Rock County, Minnesota",-371,-68,1009,1077,-299,-36,-263
".Roseau County, Minnesota",-464,476,1729,1253,-951,90,-1041
".St. Louis County, Minnesota",-1159,-726,18516,19242,-229,1256,-1485
".Scott County, Minnesota",19105,11518,17305,5787,7654,1932,5722
".Sherburne County, Minnesota",8746,6402,11018,4616,2376,422,1954
".Sibley County, Minnesota",-369,230,1560,1330,-601,114,-715
".Stearns County, Minnesota",10433,9140,18346,9206,1333,5028,-3695
".Steele County, Minnesota",68,1354,4164,2810,-1292,41,-1333
".Stevens County, Minnesota",83,329,1097,768,-245,321,-566
".Swift County, Minnesota",-515,-12,1015,1027,-502,93,-595
".Todd County, Minnesota",-231,1042,2969,1927,-1283,25,-1308
".Traverse County, Minnesota",-299,-180,313,493,-123,13,-136
".Wabasha County, Minnesota",-38,468,2188,1720,-498,53,-551
".Wadena County, Minnesota",-161,-158,1670,1828,9,16,-7
".Waseca County, Minnesota",-526,435,1964,1529,-965,1,-966
".Washington County, Minnesota",24331,12024,26047,14023,12517,2315,10202
".Watonwan County, Minnesota",-314,311,1421,1110,-630,369,-999
".Wilkin County, Minnesota",-369,-53,669,722,-317,-32,-285
".Winona County, Minnesota",-977,519,4348,3829,-1502,521,-2023
".Wright County, Minnesota",13680,9589,16589,7000,4193,541,3652
".Yellow Medicine County, Minnesota",-729,-12,1052,1064,-720,14,-734
".Adams County, Mississippi",-1607,-364,3438,3802,-1282,1485,-2767
".Alcorn County, Mississippi",-109,-217,4017,4234,140,27,113
".Amite County, Mississippi",-839,-170,1212,1382,-673,-13,-660
".Attala County, Mississippi",-1388,-254,2253,2507,-1131,-10,-1121
".Benton County, Mississippi",-469,-76,870,946,-403,-31,-372
".Bolivar County, Mississippi",-3525,750,4522,3772,-4289,119,-4408
".Calhoun County, Mississippi",-596,-48,1599,1647,-539,65,-604
".Carroll County, Mississippi",-650,-156,817,973,-487,-12,-475
".Chickasaw County, Mississippi",-289,576,2274,1698,-863,159,-1022
".Choctaw County, Mississippi",-341,-48,821,869,-286,11,-297
".Claiborne County, Mississippi",-609,168,1082,914,-807,48,-855
".Clarke County, Mississippi",-1187,-166,1764,1930,-1020,6,-1026
".Clay County, Mississippi",-1332,-83,2083,2166,-1246,36,-1282
".Coahoma County, Mississippi",-4021,1015,3790,2775,-5081,-31,-5050
".Copiah County, Mississippi",-1383,364,3359,2995,-1743,150,-1893
".Covington County, Mississippi",-937,-14,2415,2429,-918,36,-954
".DeSoto County, Mississippi",23678,7476,19405,11929,16221,635,15586
".Forrest County, Mississippi",35,2883,9749,6866,-2874,1242,-4116
".Franklin County, Mississippi",-405,-135,792,927,-272,15,-287
".George County, Mississippi",1917,928,3335,2407,994,274,720
".Greene County, Mississippi",-805,22,1227,1205,-847,43,-890
".Grenada County, Mississippi",-1140,-253,2482,2735,-876,-26,-850
".Hancock County, Mississippi",3609,-2,4387,4389,3600,91,3509
".Harrison County, Mississippi",20971,7494,25342,17848,13511,2917,10594
".Hinds County, Mississippi",-13524,10514,30057,19543,-24217,2100,-26317
".Holmes County, Mississippi",-2473,390,2388,1998,-2884,-2,-2882
".Humphreys County, Mississippi",-1309,183,1069,886,-1516,46,-1562
".Issaquena County, Mississippi",-72,6,116,110,-81,0,-81
".Itawamba County, Mississippi",-11,-94,2440,2534,99,40,59
".Jackson County, Mississippi",3948,2679,15016,12337,1332,2567,-1235
".Jasper County, Mississippi",-690,164,1968,1804,-857,-14,-843
".Jefferson County, Mississippi",-742,177,950,773,-930,0,-930
".Jefferson Davis County, Mississippi",-1343,-180,1260,1440,-1164,-5,-1159
".Jones County, Mississippi",330,1851,8820,6969,-1488,144,-1632
".Kemper County, Mississippi",-696,-118,820,938,-585,-4,-581
".Lafayette County, Mississippi",6658,1544,5037,3493,4974,356,4618
".Lamar County, Mississippi",7611,3382,7271,3889,4184,104,4080
".Lauderdale County, Mississippi",-6155,1309,9293,7984,-7503,233,-7736
".Lawrence County, Mississippi",-365,99,1475,1376,-465,-3,-462
".Leake County, Mississippi",-1017,513,2800,2287,-1528,-39,-1489
".Lee County, Mississippi",2526,2301,10727,8426,275,140,135
".Leflore County, Mississippi",-4199,984,4382,3398,-5265,69,-5334
".Lincoln County, Mississippi",-713,266,4065,3799,-960,80,-1040
".Lowndes County, Mississippi",-1184,1716,7305,5589,-2886,912,-3798
".Madison County, Mississippi",11069,2668,11900,9232,8379,1254,7125
".Marion County, Mississippi",-2507,-227,2885,3112,-2290,6,-2296
".Marshall County, Mississippi",-1857,126,3959,3833,-1974,-24,-1950
".Monroe County, Mississippi",-1727,-91,3835,3926,-1631,-19,-1612
".Montgomery County, Mississippi",-1158,-167,1187,1354,-994,24,-1018
".Neshoba County, Mississippi",-574,565,4005,3440,-1129,-25,-1104
".Newton County, Mississippi",-697,191,2670,2479,-882,40,-922
".Noxubee County, Mississippi",-1129,333,1467,1134,-1475,59,-1534
".Oktibbeha County, Mississippi",1930,2372,5188,2816,-479,880,-1359
".Panola County, Mississippi",-506,952,4646,3694,-1441,214,-1655
".Pearl River County, Mississippi",-204,-31,5861,5892,-151,-200,49
".Perry County, Mississippi",-278,81,1302,1221,-360,-26,-334
".Pike County, Mississippi",-1113,431,5119,4688,-1533,22,-1555
".Pontotoc County, Mississippi",2228,1332,4035,2703,895,134,761
".Prentiss County, Mississippi",-148,186,2908,2722,-329,25,-354
".Quitman County, Mississippi",-1430,-50,880,930,-1396,33,-1429
".Rankin County, Mississippi",13219,6699,17019,10320,6585,923,5662
".Scott County, Mississippi",-136,1575,4262,2687,-1712,497,-2209
".Sharkey County, Mississippi",-595,40,605,565,-644,7,-651
".Simpson County, Mississippi",-842,177,2980,2803,-1003,76,-1079
".Smith County, Mississippi",-572,220,1762,1542,-795,4,-799
".Stone County, Mississippi",546,312,1958,1646,211,20,191
".Sunflower County, Mississippi",-4273,151,2955,2804,-4515,43,-4558
".Tallahatchie County, Mississippi",-1576,53,1485,1432,-1644,-78,-1566
".Tate County, Mississippi",-551,473,3128,2655,-1037,20,-1057
".Tippah County, Mississippi",-217,31,2504,2473,-239,28,-267
".Tishomingo County, Mississippi",-220,-785,1856,2641,580,49,531
".Tunica County, Mississippi",-1146,772,1743,971,-1938,50,-1988
".Union County, Mississippi",1672,702,3375,2673,982,311,671
".Walthall County, Mississippi",-1154,-76,1642,1718,-1083,-11,-1072
".Warren County, Mississippi",-3389,835,5682,4847,-4224,152,-4376
".Washington County, Mississippi",-7226,1219,6660,5441,-8517,112,-8629
".Wayne County, Mississippi",-564,557,2613,2056,-1117,-24,-1093
".Webster County, Mississippi",-575,-193,1110,1303,-382,-19,-363
".Wilkinson County, Mississippi",-1248,-124,979,1103,-1132,-7,-1125
".Winston County, Mississippi",-1246,-290,1827,2117,-950,-11,-939
".Yalobusha County, Mississippi",-570,-175,1422,1597,-390,-14,-376
".Yazoo County, Mississippi",1625,447,3169,2722,1142,464,678
".Adair County, Missouri",-263,436,2426,1990,-702,810,-1512
".Andrew County, Missouri",416,204,1715,1511,223,-21,244
".Atchison County, Missouri",-540,-212,473,685,-335,15,-350
".Audrain County, Missouri",-143,382,3126,2744,-514,24,-538
".Barry County, Missouri",188,23,3863,3840,196,242,-46
".Barton County, Missouri",-642,15,1281,1266,-665,12,-677
".Bates County, Missouri",-875,-185,1733,1918,-695,1,-696
".Benton County, Missouri",386,-1198,1496,2694,1587,-13,1600
".Bollinger County, Missouri",-225,-28,1231,1259,-195,-1,-194
".Boone County, Missouri",17811,9621,19338,9717,8202,5626,2576
".Buchanan County, Missouri",-1827,1894,10684,8790,-3707,1749,-5456
".Butler County, Missouri",-314,-215,5034,5249,-55,3,-58
".Caldwell County, Missouri",-398,-79,857,936,-325,14,-339
".Callaway County, Missouri",412,1013,4593,3580,-577,206,-783
".Camden County, Missouri",2289,-662,3736,4398,2938,40,2898
".Cape Girardeau County, Missouri",3197,1381,8407,7026,1875,1219,656
".Carroll County, Missouri",-615,-159,935,1094,-456,12,-468
".Carter County, Missouri",-285,-5,711,716,-284,-10,-274
".Cass County, Missouri",6280,2373,10902,8529,3979,209,3770
".Cedar County, Missouri",367,-247,1627,1874,624,-22,646
".Chariton County, Missouri",-385,-75,788,863,-309,8,-317
".Christian County, Missouri",11181,3796,9403,5607,7363,53,7310
".Clark County, Missouri",-332,-47,713,760,-287,27,-314
".Clay County, Missouri",28042,12600,28265,15665,15486,1568,13918
".Clinton County, Missouri",-356,-197,2106,2303,-160,-40,-120
".Cole County, Missouri",770,2538,8442,5904,-1739,629,-2368
".Cooper County, Missouri",105,48,1805,1757,70,81,-11
".Crawford County, Missouri",-799,-170,2563,2733,-620,-30,-590
".Dade County, Missouri",-318,-332,627,959,10,29,-19
".Dallas County, Missouri",109,130,1901,1771,-22,-25,3
".Daviess County, Missouri",-151,264,1072,808,-410,8,-418
".DeKalb County, Missouri",-337,-132,991,1123,-205,-35,-170
".Dent County, Missouri",-119,-120,1634,1754,7,57,-50
".Douglas County, Missouri",-501,-148,1401,1549,-350,-54,-296
".Dunklin County, Missouri",-2826,-109,3946,4055,-2732,195,-2927
".Franklin County, Missouri",2499,2166,11402,9236,408,97,311
".Gasconade County, Missouri",-500,-436,1440,1876,-48,0,-48
".Gentry County, Missouri",-169,18,839,821,-185,12,-197
".Greene County, Missouri",17907,7037,32289,25252,10948,2430,8518
".Grundy County, Missouri",-410,161,1382,1221,-568,83,-651
".Harrison County, Missouri",-609,-80,974,1054,-526,-24,-502
".Henry County, Missouri",-467,-490,2347,2837,39,-35,74
".Hickory County, Missouri",-85,-652,705,1357,568,-9,577
".Holt County, Missouri",-509,-109,452,561,-401,0,-401
".Howard County, Missouri",-141,157,1087,930,-302,36,-338
".Howell County, Missouri",-269,81,4732,4651,-320,101,-421
".Iron County, Missouri",-490,-378,960,1338,-111,31,-142
".Jackson County, Missouri",28845,29533,87040,57507,-95,6473,-6568
".Jasper County, Missouri",3937,4457,15367,10910,-449,1079,-1528
".Jefferson County, Missouri",6359,5860,24063,18203,693,500,193
".Johnson County, Missouri",1497,2915,6608,3693,-1425,1029,-2454
".Knox County, Missouri",-172,12,467,455,-186,0,-186
".Laclede County, Missouri",127,708,4388,3680,-576,-34,-542
".Lafayette County, Missouri",-661,-59,3419,3478,-593,-23,-570
".Lawrence County, Missouri",-292,393,4601,4208,-672,-121,-551
".Lewis County, Missouri",-433,43,1078,1035,-475,-3,-472
".Lincoln County, Missouri",6477,2665,6841,4176,3839,59,3780
".Linn County, Missouri",-853,-317,1269,1586,-530,37,-567
".Livingston County, Missouri",31,-249,1488,1737,271,41,230
".McDonald County, Missouri",-246,976,3041,2065,-1230,278,-1508
".Macon County, Missouri",-449,-166,1639,1805,-277,43,-320
".Madison County, Missouri",-129,-249,1292,1541,122,42,80
".Maries County, Missouri",-456,-172,757,929,-283,34,-317
".Marion County, Missouri",-251,356,3376,3020,-580,109,-689
".Mercer County, Missouri",-168,4,416,412,-171,10,-181
".Miller County, Missouri",871,191,2767,2576,702,-25,727
".Mississippi County, Missouri",-1196,-197,1465,1662,-997,-30,-967
".Moniteau County, Missouri",527,550,1901,1351,-12,119,-131
".Monroe County, Missouri",-200,-12,860,872,-186,0,-186
".Montgomery County, Missouri",-673,-245,1239,1484,-432,33,-465
".Morgan County, Missouri",60,-322,2408,2730,385,-34,419
".New Madrid County, Missouri",-1864,-131,2097,2228,-1738,0,-1738
".Newton County, Missouri",118,853,6646,5793,-703,133,-836
".Nodaway County, Missouri",-1281,270,2051,1781,-1567,110,-1677
".Oregon County, Missouri",-352,-156,1153,1309,-193,-21,-172
".Osage County, Missouri",-294,190,1396,1206,-485,8,-493
".Ozark County, Missouri",-554,-370,793,1163,-176,-18,-158
".Pemiscot County, Missouri",-2482,307,2467,2160,-2802,-59,-2743
".Perry County, Missouri",165,207,2054,1847,-25,50,-75
".Pettis County, Missouri",125,1359,5384,4025,-1209,288,-1497
".Phelps County, Missouri",-551,669,4748,4079,-1246,1736,-2982
".Pike County, Missouri",-209,180,2019,1839,-390,4,-394
".Platte County, Missouri",15089,4818,10835,6017,10279,1822,8457
".Polk County, Missouri",1019,288,3548,3260,749,-40,789
".Pulaski County, Missouri",325,4516,7312,2796,-4301,2625,-6926
".Putnam County, Missouri",-283,-56,528,584,-224,-6,-218
".Ralls County, Missouri",134,58,919,861,77,0,77
".Randolph County, Missouri",-670,117,2640,2523,-789,42,-831
".Ray County, Missouri",-498,-10,2345,2355,-492,-19,-473
".Reynolds County, Missouri",-420,-239,556,795,-176,0,-176
".Ripley County, Missouri",-818,-180,1560,1740,-630,-18,-612
".St. Charles County, Missouri",41527,16943,41469,24526,24719,4445,20274
".St. Clair County, Missouri",-408,-435,882,1317,31,-42,73
".Ste. Genevieve County, Missouri",-253,-94,1707,1801,-155,124,-279
".St. Francois County, Missouri",1846,-362,6721,7083,2223,-23,2246
".St. Louis County, Missouri",-4780,16331,106783,90452,-20836,17717,-38553
".Saline County, Missouri",-609,228,2556,2328,-833,387,-1220
".Schuyler County, Missouri",229,141,618,477,89,18,71
".Scotland County, Missouri",49,212,731,519,-164,-10,-154
".Scott County, Missouri",-919,651,4643,3992,-1545,30,-1575
".Shannon County, Missouri",-269,17,844,827,-283,2,-285
".Shelby County, Missouri",-442,-68,684,752,-372,7,-379
".Stoddard County, Missouri",-943,-346,3230,3576,-569,-16,-553
".Stone County, Missouri",-256,-1223,2342,3565,994,-6,1000
".Sullivan County, Missouri",-625,94,785,691,-726,180,-906
".Taney County, Missouri",4256,677,5806,5129,3587,238,3349
".Texas County, Missouri",-618,-69,2685,2754,-532,-60,-472
".Vernon County, Missouri",-600,21,2316,2295,-612,125,-737
".Warren County, Missouri",3110,1167,3820,2653,1960,25,1935
".Washington County, Missouri",-471,168,2708,2540,-624,-4,-620
".Wayne County, Missouri",-662,-519,1296,1815,-139,-11,-128
".Webster County, Missouri",3328,1983,5035,3052,1361,-10,1371
".Worth County, Missouri",-156,-66,212,278,-91,0,-91
".Wright County, Missouri",-453,69,2255,2186,-517,-44,-473
".St. Louis city, Missouri",-18713,13918,41686,27768,-32543,7776,-40319
".Beaverhead County, Montana",207,9,807,798,196,115,81
".Big Horn County, Montana",456,1295,2460,1165,-839,103,-942
".Blaine County, Montana",190,338,960,622,-148,101,-249
".Broadwater County, Montana",629,-22,487,509,648,-14,662
".Carbon County, Montana",647,-205,700,905,848,32,816
".Carter County, Montana",92,5,136,131,87,0,87
".Cascade County, Montana",40,2825,10524,7699,-2753,759,-3512
".Chouteau County, Montana",-178,-109,448,557,-71,44,-115
".Custer County, Montana",-297,65,1369,1304,-358,14,-372
".Daniels County, Montana",-61,-41,166,207,-21,18,-39
".Dawson County, Montana",-350,102,998,896,-473,-28,-445
".Deer Lodge County, Montana",-154,-490,667,1157,339,-19,358
".Fallon County, Montana",-44,149,428,279,-196,-2,-194
".Fergus County, Montana",-540,-358,1092,1450,-174,70,-244
".Flathead County, Montana",12879,2377,10303,7926,10453,30,10423
".Gallatin County, Montana",24919,5836,10887,5051,18837,1465,17372
".Garfield County, Montana",49,13,131,118,33,0,33
".Glacier County, Montana",354,931,2260,1329,-580,139,-719
".Golden Valley County, Montana",-63,-5,78,83,-58,0,-58
".Granite County, Montana",305,-136,175,311,439,32,407
".Hill County, Montana",388,1339,2749,1410,-951,93,-1044
".Jefferson County, Montana",818,-135,842,977,959,58,901
".Judith Basin County, Montana",-65,-33,135,168,-32,7,-39
".Lake County, Montana",1710,572,3274,2702,1161,172,989
".Lewis and Clark County, Montana",6038,1568,7040,5472,4479,99,4380
".Liberty County, Montana",-2,2,204,202,-5,1,-6
".Lincoln County, Montana",297,-685,1589,2274,989,78,911
".McCone County, Montana",-70,-18,153,171,-51,0,-51
".Madison County, Montana",909,-169,537,706,1074,175,899
".Meagher County, Montana",-29,-65,164,229,37,10,27
".Mineral County, Montana",168,-94,392,486,262,-13,275
".Missoula County, Montana",10304,3212,11126,7914,7109,1271,5838
".Musselshell County, Montana",95,-148,385,533,244,55,189
".Park County, Montana",971,-54,1361,1415,1021,52,969
".Petroleum County, Montana",-1,-15,23,38,14,-1,15
".Phillips County, Montana",-298,-9,461,470,-293,6,-299
".Pondera County, Montana",-244,76,703,627,-321,105,-426
".Powder River County, Montana",-61,-51,136,187,-14,5,-19
".Powell County, Montana",-144,-215,505,720,70,9,61
".Prairie County, Montana",-102,-43,116,159,-62,8,-70
".Ravalli County, Montana",3596,-536,3525,4061,4141,-55,4196
".Richland County, Montana",1057,537,1388,851,466,-110,576
".Roosevelt County, Montana",579,836,2108,1272,-270,28,-298
".Rosebud County, Montana",-298,640,1440,800,-945,42,-987
".Sanders County, Montana",700,-274,999,1273,981,3,978
".Sheridan County, Montana",-75,-129,369,498,43,34,9
".Silver Bow County, Montana",706,-233,3603,3836,960,673,287
".Stillwater County, Montana",546,-40,761,801,587,89,498
".Sweet Grass County, Montana",86,-78,300,378,166,20,146
".Teton County, Montana",76,105,716,611,-28,58,-86
".Toole County, Montana",-588,102,535,433,-697,-24,-673
".Treasure County, Montana",-22,3,80,77,-24,0,-24
".Valley County, Montana",27,52,787,735,-24,33,-57
".Wheatland County, Montana",-42,10,226,216,-53,40,-93
".Wibaux County, Montana",-48,-36,102,138,-19,0,-19
".Yellowstone County, Montana",13309,4790,18153,13363,8532,477,8055
".Adams County, Nebraska",-4,871,3745,2874,-863,366,-1229
".Antelope County, Nebraska",-387,79,765,686,-470,34,-504
".Arthur County, Nebraska",3,-1,38,39,6,0,6
".Banner County, Nebraska",55,24,61,37,28,11,17
".Blaine County, Nebraska",-13,17,52,35,-31,0,-31
".Boone County, Nebraska",-313,-29,567,596,-284,13,-297
".Box Butte County, Nebraska",-525,299,1362,1063,-827,29,-856
".Boyd County, Nebraska",-180,-118,159,277,-58,10,-68
".Brown County, Nebraska",-188,-97,259,356,-93,0,-93
".Buffalo County, Nebraska",3560,3136,6349,3213,442,736,-294
".Burt County, Nebraska",-399,-251,637,888,-150,9,-159
".Butler County, Nebraska",-379,-97,826,923,-281,10,-291
".Cass County, Nebraska",1007,402,2591,2189,616,57,559
".Cedar County, Nebraska",-450,39,973,934,-494,2,-496
".Chase County, Nebraska",-42,-38,437,475,0,73,-73
".Cherry County, Nebraska",-24,100,671,571,-123,-12,-111
".Cheyenne County, Nebraska",-1088,226,1107,881,-1320,-28,-1292
".Clay County, Nebraska",-336,76,726,650,-413,-2,-411
".Colfax County, Nebraska",194,999,1720,721,-818,934,-1752
".Cuming County, Nebraska",-293,140,1021,881,-433,39,-472
".Custer County, Nebraska",-162,-49,1172,1221,-108,-20,-88
".Dakota County, Nebraska",-980,1905,3385,1480,-2918,165,-3083
".Dawes County, Nebraska",-593,77,859,782,-678,103,-781
".Dawson County, Nebraska",-731,1733,3649,1916,-2495,938,-3433
".Deuel County, Nebraska",-138,-63,141,204,-76,7,-83
".Dixon County, Nebraska",-367,117,697,580,-491,55,-546
".Dodge County, Nebraska",-120,413,4442,4029,-520,468,-988
".Douglas County, Nebraska",54211,41549,78149,36600,13107,14063,-956
".Dundy County, Nebraska",-315,-102,154,256,-215,-25,-190
".Fillmore County, Nebraska",-428,-221,545,766,-207,2,-209
".Franklin County, Nebraska",-246,-73,277,350,-174,0,-174
".Frontier County, Nebraska",-129,58,228,170,-187,11,-198
".Furnas County, Nebraska",-283,-156,473,629,-124,1,-125
".Gage County, Nebraska",-798,-335,2204,2539,-459,-1,-458
".Garden County, Nebraska",-220,-76,178,254,-146,-1,-145
".Garfield County, Nebraska",-80,-166,148,314,86,0,86
".Gosper County, Nebraska",-54,-12,200,212,-42,0,-42
".Grant County, Nebraska",9,37,88,51,-31,0,-31
".Greeley County, Nebraska",-182,4,266,262,-191,3,-194
".Hall County, Nebraska",2742,3838,8813,4975,-1074,2405,-3479
".Hamilton County, Nebraska",210,199,954,755,15,1,14
".Harlan County, Nebraska",-37,-41,342,383,6,2,4
".Hayes County, Nebraska",-38,86,132,46,-129,7,-136
".Hitchcock County, Nebraska",-146,-73,275,348,-74,8,-82
".Holt County, Nebraska",-368,138,1288,1150,-507,46,-553
".Hooker County, Nebraska",-54,-51,62,113,-5,0,-5
".Howard County, Nebraska",171,105,699,594,72,5,67
".Jefferson County, Nebraska",-501,-261,715,976,-240,73,-313
".Johnson County, Nebraska",-146,-165,403,568,14,18,-4
".Kearney County, Nebraska",6,69,746,677,-62,-8,-54
".Keith County, Nebraska",-337,-103,758,861,-230,-51,-179
".Keya Paha County, Nebraska",-18,-1,63,64,-17,1,-18
".Kimball County, Nebraska",-189,-88,373,461,-101,65,-166
".Knox County, Nebraska",-369,-129,929,1058,-235,18,-253
".Lancaster County, Nebraska",33683,18023,37192,19169,15788,8830,6958
".Lincoln County, Nebraska",-1374,616,3943,3327,-1994,166,-2160
".Logan County, Nebraska",-15,32,89,57,-48,14,-62
".Loup County, Nebraska",36,2,57,55,33,0,33
".McPherson County, Nebraska",-45,-8,26,34,-40,0,-40
".Madison County, Nebraska",223,1463,4785,3322,-1237,695,-1932
".Merrick County, Nebraska",-104,63,840,777,-164,-2,-162
".Morrill County, Nebraska",-400,-61,477,538,-341,24,-365
".Nance County, Nebraska",-216,-71,372,443,-148,20,-168
".Nemaha County, Nebraska",-276,-7,755,762,-270,16,-286
".Nuckolls County, Nebraska",-352,-173,386,559,-175,40,-215
".Otoe County, Nebraska",272,121,1816,1695,161,306,-145
".Pawnee County, Nebraska",-160,-52,280,332,-106,0,-106
".Perkins County, Nebraska",-76,47,345,298,-126,6,-132
".Phelps County, Nebraska",-154,15,1059,1044,-164,30,-194
".Pierce County, Nebraska",-118,141,787,646,-259,11,-270
".Platte County, Nebraska",1233,1870,4436,2566,-635,597,-1232
".Polk County, Nebraska",-189,-80,503,583,-108,43,-151
".Red Willow County, Nebraska",-331,56,1199,1143,-384,55,-439
".Richardson County, Nebraska",-498,-239,833,1072,-257,1,-258
".Rock County, Nebraska",-171,-71,135,206,-101,0,-101
".Saline County, Nebraska",24,443,1756,1313,-426,624,-1050
".Sarpy County, Nebraska",28361,15108,23576,8468,13294,2323,10971
".Saunders County, Nebraska",800,407,2279,1872,403,56,347
".Scotts Bluff County, Nebraska",-1352,704,4514,3810,-2056,189,-2245
".Seward County, Nebraska",534,220,1788,1568,318,87,231
".Sheridan County, Nebraska",-223,-133,541,674,-88,18,-106
".Sherman County, Nebraska",-151,-51,301,352,-100,1,-101
".Sioux County, Nebraska",-145,26,91,65,-173,0,-173
".Stanton County, Nebraska",-208,271,670,399,-484,35,-519
".Thayer County, Nebraska",-225,-214,494,708,-11,10,-21
".Thomas County, Nebraska",75,32,74,42,45,9,36
".Thurston County, Nebraska",285,685,1397,712,-403,28,-431
".Valley County, Nebraska",-102,-33,457,490,-69,59,-128
".Washington County, Nebraska",497,339,1960,1621,123,77,46
".Wayne County, Nebraska",-207,329,923,594,-542,61,-603
".Webster County, Nebraska",-325,-202,328,530,-124,-1,-123
".Wheeler County, Nebraska",-35,28,74,46,-63,0,-63
".York County, Nebraska",14,184,1596,1412,-164,32,-196
".Churchill County, Nevada",34,484,2941,2457,-474,302,-776
".Clark County, Nevada",315447,105372,247787,142415,208889,23319,185570
".Douglas County, Nevada",1905,-1368,3041,4409,3304,-23,3327
".Elko County, Nevada",3836,4094,6757,2663,-347,-209,-138
".Esmeralda County, Nevada",89,-47,49,96,129,-2,131
".Eureka County, Nevada",42,24,149,125,10,0,10
".Humboldt County, Nevada",310,1160,2304,1144,-879,2,-881
".Lander County, Nevada",-243,424,795,371,-679,31,-710
".Lincoln County, Nevada",-156,-105,362,467,-60,-20,-40
".Lyon County, Nevada",5528,129,5424,5295,5375,-293,5668
".Mineral County, Nevada",-265,-224,484,708,-45,58,-103
".Nye County, Nevada",2578,-2948,3443,6391,5505,-328,5833
".Pershing County, Nevada",-27,73,509,436,-117,-3,-114
".Storey County, Nevada",110,-115,153,268,219,-20,239
".Washoe County, Nevada",50090,14927,49456,34529,35047,-287,35334
".White Pine County, Nevada",-446,116,977,861,-566,43,-609
".Carson City, Nevada",647,-1018,5427,6445,1641,-181,1822
".Belknap County, New Hampshire",1228,-1440,4828,6268,2721,493,2228
".Carroll County, New Hampshire",1087,-1667,3220,4887,2795,185,2610
".Cheshire County, New Hampshire",-1037,-368,6223,6591,-631,565,-1196
".Coos County, New Hampshire",-1489,-1728,2274,4002,187,39,148
".Grafton County, New Hampshire",747,-668,6819,7487,1481,2269,-788
".Hillsborough County, New Hampshire",16319,9873,39447,29574,6672,13569,-6897
".Merrimack County, New Hampshire",4940,-43,12391,12434,5104,3462,1642
".Rockingham County, New Hampshire",14565,2602,24273,21671,12234,2695,9539
".Strafford County, New Hampshire",7482,1717,11287,9570,5783,2868,2915
".Sullivan County, New Hampshire",-593,-353,3682,4035,-210,151,-361
".Atlantic County, New Jersey",-10855,3762,28213,24451,-14717,7275,-21992
".Bergen County, New Jersey",27095,20267,85984,65717,7419,29695,-22276
".Burlington County, New Jersey",-3381,5197,41792,36595,-8430,4525,-12955
".Camden County, New Jersey",-7064,14608,57595,42987,-21811,9831,-31642
".Cape May County, New Jersey",-5218,-4081,7966,12047,-1037,1060,-2097
".Cumberland County, New Jersey",-7100,4541,18338,13797,-11725,3190,-14915
".Essex County, New Jersey",15084,40633,95665,55032,-25915,37153,-63068
".Gloucester County, New Jersey",2880,3899,27564,23665,-838,1749,-2587
".Hudson County, New Jersey",38107,58957,94703,35746,-21094,65090,-86184
".Hunterdon County, New Jersey",-2990,275,8605,8330,-3298,947,-4245
".Mercer County, New Jersey",-55,11634,38444,26810,-11831,16366,-28197
".Middlesex County, New Jersey",15024,33811,88049,54238,-19151,45218,-64369
".Monmouth County, New Jersey",-11567,4471,54831,50360,-15998,4606,-20604
".Morris County, New Jersey",-436,8528,43289,34761,-8914,10741,-19655
".Ocean County, New Jersey",30640,11004,77150,66146,20232,2143,18089
".Passaic County, New Jersey",226,29999,63850,33851,-30130,23565,-53695
".Salem County, New Jersey",-3687,-340,6400,6740,-3376,417,-3793
".Somerset County, New Jersey",5455,8951,30723,21772,-3448,8929,-12377
".Sussex County, New Jersey",-8448,503,11459,10956,-9065,287,-9352
".Union County, New Jersey",19877,26329,63068,36739,-6335,24601,-30936
".Warren County, New Jersey",-3375,-328,8737,9065,-3031,1293,-4324
".Bernalillo County, New Mexico",16644,22584,72804,50220,-5421,10647,-16068
".Catron County, New Mexico",-200,-180,169,349,-22,-3,-19
".Chaves County, New Mexico",-1033,2282,8366,6084,-3293,509,-3802
".Cibola County, New Mexico",-540,967,3348,2381,-1518,190,-1708
".Colfax County, New Mexico",-1810,-182,1147,1329,-1645,63,-1708
".Curry County, New Mexico",578,4661,8269,3608,-4153,1307,-5460
".De Baca County, New Mexico",-276,-107,140,247,-171,16,-187
".Doña Ana County, New Mexico",8978,12954,27022,14068,-4004,2240,-6244
".Eddy County, New Mexico",4632,2483,7638,5155,2121,569,1552
".Grant County, New Mexico",-2514,-367,2765,3132,-2131,58,-2189
".Guadalupe County, New Mexico",-388,-16,391,407,-378,-3,-375
".Harding County, New Mexico",-70,-33,42,75,-39,1,-40
".Hidalgo County, New Mexico",-700,55,496,441,-768,10,-778
".Lea County, New Mexico",6344,5350,10279,4929,919,1104,-185
".Lincoln County, New Mexico",-921,-229,1689,1918,-695,138,-833
".Los Alamos County, New Mexico",1419,424,1565,1141,964,690,274
".Luna County, New Mexico",-1386,780,3544,2764,-2169,88,-2257
".McKinley County, New Mexico",-118,4418,9926,5508,-4557,489,-5046
".Mora County, New Mexico",-360,-29,375,404,-332,-6,-326
".Otero County, New Mexico",3658,2995,8450,5455,585,3739,-3154
".Quay County, New Mexico",-787,-203,889,1092,-595,107,-702
".Rio Arriba County, New Mexico",-1299,1043,4795,3752,-2343,349,-2692
".Roosevelt County, New Mexico",-1340,1195,2596,1401,-2592,368,-2960
".Sandoval County, New Mexico",15127,3929,13508,9579,11223,102,11121
".San Juan County, New Mexico",-6087,6996,16172,9176,-13162,109,-13271
".San Miguel County, New Mexico",-2098,142,2723,2581,-2271,557,-2828
".Santa Fe County, New Mexico",6126,1686,12092,10406,4578,2090,2488
".Sierra County, New Mexico",-1205,-1293,926,2219,89,-13,102
".Socorro County, New Mexico",-1224,329,1918,1589,-1580,389,-1969
".Taos County, New Mexico",-210,18,2763,2745,-205,175,-380
".Torrance County, New Mexico",-919,51,1452,1401,-997,391,-1388
".Union County, New Mexico",-494,-47,371,418,-450,-14,-436
".Valencia County, New Mexico",103,2023,7918,5895,-1921,133,-2054
".Albany County, New York",1298,3862,28901,25039,-2391,8538,-10929
".Allegany County, New York",-2832,172,4512,4340,-3033,398,-3431
".Bronx County, New York",33627,106368,195134,88766,-73764,115162,-188926
".Broome County, New York",-10187,-680,18733,19413,-9552,3714,-13266
".Cattaraugus County, New York",-4220,482,8188,7706,-4720,230,-4950
".Cayuga County, New York",-3432,184,7159,6975,-3610,458,-4068
".Chautauqua County, New York",-8004,-674,12718,13392,-7370,1524,-8894
".Chemung County, New York",-5391,94,8887,8793,-5499,356,-5855
".Chenango County, New York",-3304,-477,4694,5171,-2826,35,-2861
".Clinton County, New York",-1646,595,7100,6505,-2229,779,-3008
".Columbia County, New York",-3605,-1386,4849,6235,-2178,516,-2694
".Cortland County, New York",-1709,323,4403,4080,-2037,212,-2249
".Delaware County, New York",-3827,-1385,3565,4950,-2425,248,-2673
".Dutchess County, New York",-3236,1914,24498,22584,-5138,4102,-9240
".Erie County, New York",-432,2086,92010,89924,-1904,22801,-24705
".Essex County, New York",-2488,-854,2900,3754,-1632,250,-1882
".Franklin County, New York",-1579,241,4513,4272,-1846,182,-2028
".Fulton County, New York",-2130,-631,4935,5566,-1485,118,-1603
".Genesee County, New York",-2654,-311,5414,5725,-2342,222,-2564
".Greene County, New York",-2026,-1076,3727,4803,-923,466,-1389
".Hamilton County, New York",-425,-277,279,556,-147,-11,-136
".Herkimer County, New York",-3150,-476,5828,6304,-2664,164,-2828
".Jefferson County, New York",-6398,10875,19170,8295,-17420,3033,-20453
".Kings County, New York",55182,227925,378278,150353,-172268,128893,-301161
".Lewis County, New York",-794,742,3053,2311,-1540,150,-1690
".Livingston County, New York",-2292,-186,4832,5018,-2089,752,-2841
".Madison County, New York",-2511,496,6178,5682,-3005,260,-3265
".Monroe County, New York",-2624,15167,76001,60834,-17734,18389,-36123
".Montgomery County, New York",-1043,211,5537,5326,-1243,1067,-2310
".Nassau County, New York",17044,29783,131332,101549,-12060,25261,-37321
".New York County, New York",42325,73521,168935,95414,-30560,97431,-127991
".Niagara County, New York",-7199,-2090,19875,21965,-4988,1309,-6297
".Oneida County, New York",-6189,507,23813,23306,-6676,5086,-11762
".Onondaga County, New York",-6539,9248,48435,39187,-15800,12388,-28188
".Ontario County, New York",1678,-363,9475,9838,2148,1027,1121
".Orange County, New York",12114,20845,45493,24648,-8793,3438,-12231
".Orleans County, New York",-2538,-91,3836,3927,-2460,194,-2654
".Oswego County, New York",-4981,1993,11918,9925,-7015,466,-7481
".Otsego County, New York",-2785,-871,4770,5641,-1893,338,-2231
".Putnam County, New York",-1334,1196,7686,6490,-2531,993,-3524
".Queens County, New York",23239,141037,276330,135293,-118347,148158,-266505
".Rensselaer County, New York",-719,1303,15288,13985,-1940,2101,-4041
".Richmond County, New York",7413,16354,50049,33695,-8797,6426,-15223
".Rockland County, New York",14098,26632,46395,19763,-12630,7757,-20387
".St. Lawrence County, New York",-4200,1356,10627,9271,-5584,1241,-6825
".Saratoga County, New York",10265,3693,20342,16649,6713,2535,4178
".Schenectady County, New York",548,2418,16605,14187,-1777,3133,-4910
".Schoharie County, New York",-1724,-275,2365,2640,-1463,91,-1554
".Schuyler County, New York",-555,-300,1539,1839,-250,74,-324
".Seneca County, New York",-1232,204,3351,3147,-1431,126,-1557
".Steuben County, New York",-3603,719,9839,9120,-4306,535,-4841
".Suffolk County, New York",-16515,34418,145571,111153,-50961,24984,-75945
".Sullivan County, New York",-2069,884,7665,6781,-2979,1253,-4232
".Tioga County, New York",-2846,246,4385,4139,-3116,-78,-3038
".Tompkins County, New York",588,1506,7735,6229,-981,6686,-7667
".Ulster County, New York",-4946,-1139,14405,15544,-3751,2456,-6207
".Warren County, New York",-1748,-1042,5294,6336,-660,270,-930
".Washington County, New York",-2050,-292,5445,5737,-1727,80,-1807
".Wayne County, New York",-3833,1023,8956,7933,-4873,397,-5270
".Westchester County, New York",18288,32019,97741,65722,-13396,28643,-42039
".Wyoming County, New York",-2295,37,3459,3422,-2342,82,-2424
".Yates County, New York",-451,520,2886,2366,-970,111,-1081
".Alamance County, North Carolina",18354,2158,16914,14756,16212,701,15511
".Alexander County, North Carolina",315,-134,3288,3422,475,51,424
".Alleghany County, North Carolina",-15,-340,878,1218,333,17,316
".Anson County, North Carolina",-2483,-435,2363,2798,-2076,168,-2244
".Ashe County, North Carolina",-37,-1037,2101,3138,1025,-36,1061
".Avery County, North Carolina",-250,-520,1296,1816,277,67,210
".Beaufort County, North Carolina",-790,-1057,4392,5449,310,15,295
".Bertie County, North Carolina",-2328,-655,1657,2312,-1685,167,-1852
".Bladen County, North Carolina",-2448,-606,3241,3847,-1835,117,-1952
".Brunswick County, North Carolina",35391,-2923,9519,12442,37748,-127,37875
".Buncombe County, North Carolina",22861,140,23556,23416,22480,1138,21342
".Burke County, North Carolina",-352,-1341,8133,9474,1047,683,364
".Cabarrus County, North Carolina",38332,8326,22341,14015,29822,1548,28274
".Caldwell County, North Carolina",-880,-1260,7378,8638,455,403,52
".Camden County, North Carolina",887,143,837,694,749,117,632
".Carteret County, North Carolina",3010,-1967,5430,7397,4989,576,4413
".Caswell County, North Carolina",-1127,-563,1911,2474,-567,88,-655
".Catawba County, North Carolina",4834,1019,16018,14999,3933,1787,2146
".Chatham County, North Carolina",10985,-217,5921,6138,11111,-25,11136
".Cherokee County, North Carolina",1165,-1288,2110,3398,2452,-73,2525
".Chowan County, North Carolina",-850,-367,1327,1694,-481,29,-510
".Clay County, North Carolina",641,-538,784,1322,1183,-42,1225
".Cleveland County, North Carolina",-85,-922,9997,10919,916,463,453
".Columbus County, North Carolina",-2616,-776,5625,6401,-1818,128,-1946
".Craven County, North Carolina",-1359,4262,13863,9601,-5656,2122,-7778
".Cumberland County, North Carolina",16078,29030,51667,22637,-14078,11300,-25378
".Currituck County, North Carolina",4216,256,2322,2066,3938,-20,3958
".Dare County, North Carolina",3089,208,3233,3025,2876,244,2632
".Davidson County, North Carolina",4787,128,16099,15971,4817,240,4577
".Davie County, North Carolina",1625,-481,3552,4033,2126,65,2061
".Duplin County, North Carolina",324,1802,6759,4957,-1474,1069,-2543
".Durham County, North Carolina",51487,21625,39513,17888,29512,13465,16047
".Edgecombe County, North Carolina",-5067,33,5826,5793,-5139,72,-5211
".Forsyth County, North Carolina",31657,11908,41536,29628,19897,4208,15689
".Franklin County, North Carolina",9122,1170,6383,5213,7915,558,7357
".Gaston County, North Carolina",18431,2593,23492,20899,15899,953,14946
".Gates County, North Carolina",-623,-175,964,1139,-452,49,-501
".Graham County, North Carolina",-417,-198,791,989,-216,-6,-210
".Granville County, North Carolina",2905,503,5313,4810,2434,-23,2457
".Greene County, North Carolina",-284,192,1985,1793,-499,28,-527
".Guilford County, North Carolina",48720,17973,56731,38758,31037,12367,18670
".Halifax County, North Carolina",-4614,-869,5331,6200,-3751,114,-3865
".Harnett County, North Carolina",21285,8145,17034,8889,12986,1815,11171
".Haywood County, North Carolina",3285,-1587,5311,6898,4878,-193,5071
".Henderson County, North Carolina",10698,-2631,9915,12546,13223,-134,13357
".Hertford County, North Carolina",-1000,-328,2151,2479,-670,316,-986
".Hoke County, North Carolina",8345,5570,8524,2954,2715,1120,1595
".Hyde County, North Carolina",-880,-128,409,537,-762,11,-773
".Iredell County, North Carolina",22342,2945,16896,13951,19379,1741,17638
".Jackson County, North Carolina",3668,255,3564,3309,3402,635,2767
".Johnston County, North Carolina",40461,8296,21067,12771,31948,1061,30887
".Jones County, North Carolina",-748,-248,895,1143,-501,29,-530
".Lee County, North Carolina",3930,2196,7321,5125,1751,599,1152
".Lenoir County, North Carolina",-3558,-625,5994,6619,-2923,261,-3184
".Lincoln County, North Carolina",8097,224,7372,7148,7885,212,7673
".McDowell County, North Carolina",754,-497,4199,4696,1296,229,1067
".Macon County, North Carolina",1933,-951,3106,4057,2906,276,2630
".Madison County, North Carolina",973,-383,1802,2185,1353,90,1263
".Martin County, North Carolina",-2075,-684,2266,2950,-1387,-8,-1379
".Mecklenburg County, North Carolina",190692,78207,132636,54429,111493,42243,69250
".Mitchell County, North Carolina",-617,-716,1314,2030,110,128,-18
".Montgomery County, North Carolina",-609,220,2845,2625,-819,-62,-757
".Moore County, North Carolina",12630,-387,9688,10075,12924,799,12125
".Nash County, North Carolina",-1531,547,9960,9413,-2066,308,-2374
".New Hanover County, North Carolina",31790,3655,20743,17088,27803,1437,26366
".Northampton County, North Carolina",-2623,-837,1709,2546,-1800,80,-1880
".Onslow County, North Carolina",20137,29255,38784,9529,-10285,7624,-17909
".Orange County, North Carolina",14783,3878,11171,7293,10886,5653,5233
".Pamlico County, North Carolina",-417,-662,812,1474,248,31,217
".Pasquotank County, North Carolina",-837,734,4544,3810,-1604,595,-2199
".Pender County, North Carolina",10864,834,5718,4884,9942,84,9858
".Perquimans County, North Carolina",11,-281,1161,1442,299,-38,337
".Person County, North Carolina",14,-216,3829,4045,255,-65,320
".Pitt County, North Carolina",12566,7944,19462,11518,4658,1371,3287
".Polk County, North Carolina",208,-1343,1323,2666,1562,64,1498
".Randolph County, North Carolina",1843,1273,14661,13388,711,373,338
".Richmond County, North Carolina",-1818,42,5087,5045,-1849,34,-1883
".Robeson County, North Carolina",-3604,4701,16897,12196,-8274,511,-8785
".Rockingham County, North Carolina",-2635,-1845,8528,10373,-721,90,-811
".Rowan County, North Carolina",3594,-1,14538,14539,3687,541,3146
".Rutherford County, North Carolina",-790,-1594,6242,7836,870,32,838
".Sampson County, North Carolina",60,1660,7779,6119,-1574,1171,-2745
".Scotland County, North Carolina",-1337,481,4177,3696,-1827,144,-1971
".Stanly County, North Carolina",2220,-3,6276,6279,2274,172,2102
".Stokes County, North Carolina",-1822,-1219,3683,4902,-582,118,-700
".Surry County, North Carolina",-1966,-1114,6974,8088,-802,301,-1103
".Swain County, North Carolina",293,-50,1692,1742,346,-4,350
".Transylvania County, North Carolina",1296,-1267,2460,3727,2570,-12,2582
".Tyrrell County, North Carolina",-391,-33,381,414,-371,5,-376
".Union County, North Carolina",38527,9565,22039,12474,28854,616,28238
".Vance County, North Carolina",-873,577,5235,4658,-1451,173,-1624
".Wake County, North Carolina",210709,68543,116800,48257,140893,32400,108493
".Warren County, North Carolina",-1297,-596,1672,2268,-693,-22,-671
".Washington County, North Carolina",-1613,-265,1177,1442,-1359,2,-1361
".Watauga County, North Carolina",5116,167,3356,3189,4911,253,4658
".Wayne County, North Carolina",470,4411,15461,11050,-3928,2638,-6566
".Wilkes County, North Carolina",-898,-1032,6284,7316,206,333,-127
".Wilson County, North Carolina",577,974,8873,7899,-334,689,-1023
".Yadkin County, North Carolina",-742,-273,3603,3876,-445,33,-478
".Yancey County, North Carolina",252,-467,1579,2046,732,-6,738
".Adams County, North Dakota",-127,-59,214,273,-69,53,-122
".Barnes County, North Dakota",-649,-197,1008,1205,-449,7,-456
"Benson County, North Dakota",172,728,1398,670,-556,13,-569
".Billings County, North Dakota",144,77,114,37,64,33,31
".Bottineau County, North Dakota",-147,-124,625,749,-30,57,-87
".Bowman County, North Dakota",-127,-12,370,382,-117,2,-119
".Burke County, North Dakota",147,106,304,198,29,0,29
".Burleigh County, North Dakota",14318,5086,11551,6465,9049,808,8241
".Cass County, North Dakota",32145,13388,22786,9398,18514,5695,12819
".Cavalier County, North Dakota",-232,-14,442,456,-216,48,-264
".Dickey County, North Dakota",-415,-98,553,651,-319,70,-389
".Divide County, North Dakota",193,-7,240,247,188,86,102
".Dunn County, North Dakota",888,247,556,309,613,102,511
".Eddy County, North Dakota",-98,-137,270,407,37,3,34
".Emmons County, North Dakota",-304,-188,268,456,-116,23,-139
".Foster County, North Dakota",-127,-44,331,375,-84,-2,-82
".Golden Valley County, North Dakota",81,55,206,151,23,0,23
".Grand Forks County, North Dakota",2587,4682,9205,4523,-2113,1553,-3666
".Grant County, North Dakota",-120,-11,247,258,-110,13,-123
".Griggs County, North Dakota",-190,-159,189,348,-30,0,-30
".Hettinger County, North Dakota",21,9,308,299,11,1,10
".Kidder County, North Dakota",45,95,257,162,-46,9,-55
".LaMoure County, North Dakota",-95,8,409,401,-101,18,-119
".Logan County, North Dakota",-138,-58,191,249,-78,36,-114
".McHenry County, North Dakota",353,69,630,561,271,4,267
".McIntosh County, North Dakota",-316,-238,230,468,-82,5,-87
".McKenzie County, North Dakota",8665,1209,1777,568,7273,-20,7293
".McLean County, North Dakota",488,84,1066,982,392,24,368
".Mercer County, North Dakota",-237,167,917,750,-409,-2,-407
".Morton County, North Dakota",3895,1522,4118,2596,2318,324,1994
".Mountrail County, North Dakota",2882,733,1528,795,2073,124,1949
".Nelson County, North Dakota",-247,-269,267,536,25,71,-46
".Oliver County, North Dakota",111,92,200,108,19,-1,20
".Pembina County, North Dakota",-602,-38,724,762,-569,144,-713
".Pierce County, North Dakota",-384,-145,415,560,-241,0,-241
".Ramsey County, North Dakota",68,274,1521,1247,-202,152,-354
".Ransom County, North Dakota",-239,-169,551,720,-70,17,-87
".Renville County, North Dakota",-143,7,263,256,-154,4,-158
".Richland County, North Dakota",-144,415,1684,1269,-552,-31,-521
".Rolette County, North Dakota",237,1258,2587,1329,-1023,9,-1032
".Sargent County, North Dakota",69,63,373,310,2,43,-41
".Sheridan County, North Dakota",-6,16,115,99,-23,0,-23
".Sioux County, North Dakota",76,415,861,446,-343,14,-357
".Slope County, North Dakota",23,49,81,32,-26,4,-30
".Stark County, North Dakota",7290,2227,4360,2133,4864,473,4391
".Steele County, North Dakota",-85,42,202,160,-129,0,-129
".Stutsman County, North Dakota",-396,-59,2134,2193,-326,128,-454
".Towner County, North Dakota",-57,-40,216,256,-18,35,-53
".Traill County, North Dakota",-85,31,874,843,-119,20,-139
".Walsh County, North Dakota",-485,-32,1269,1301,-446,150,-596
".Ward County, North Dakota",5966,6273,10729,4456,-461,2215,-2676
".Wells County, North Dakota",-373,-222,393,615,-153,20,-173
".Williams County, North Dakota",15190,3400,5527,2127,11403,170,11233
".Adams County, Ohio",-843,36,3138,3102,-870,50,-920
".Allen County, Ohio",-3962,1560,11697,10137,-5522,175,-5697
".Ashland County, Ohio",344,473,5636,5163,-119,759,-878
".Ashtabula County, Ohio",-4248,-515,10325,10840,-3730,598,-4328
".Athens County, Ohio",563,406,4894,4488,52,2277,-2225
".Auglaize County, Ohio",-261,651,5111,4460,-899,262,-1161
".Belmont County, Ohio",-3394,-1992,6242,8234,-1337,-81,-1256
".Brown County, Ohio",-1394,-12,4609,4621,-1373,-55,-1318
".Butler County, Ohio",14998,11978,41772,29794,3253,6215,-2962
".Carroll County, Ohio",-1920,-307,2569,2876,-1613,6,-1619
".Champaign County, Ohio",-1216,98,3752,3654,-1312,89,-1401
".Clark County, Ohio",-4256,-1117,14729,15846,-3061,459,-3520
".Clermont County, Ohio",9062,5831,21608,15777,3417,877,2540
".Clinton County, Ohio",-80,542,4617,4075,-610,115,-725
".Columbiana County, Ohio",-5969,-1480,9886,11366,-4458,69,-4527
".Coshocton County, Ohio",-300,512,4217,3705,-796,61,-857
".Crawford County, Ohio",-2289,-614,4390,5004,-1664,144,-1808
".Cuyahoga County, Ohio",-45042,9350,136186,126836,-54207,28625,-82832
".Darke County, Ohio",-1855,293,5748,5455,-2138,89,-2227
".Defiance County, Ohio",-939,459,4059,3600,-1403,246,-1649
".Delaware County, Ohio",35005,10128,19863,9735,24800,3072,21728
".Erie County, Ohio",-2797,-1347,7282,8629,-1405,193,-1598
".Fairfield County, Ohio",11380,4084,15678,11594,7407,1467,5940
".Fayette County, Ohio",-509,-98,3193,3291,-391,96,-487
".Franklin County, Ohio",153280,86173,171804,85631,67394,52241,15153
".Fulton County, Ohio",-572,664,4511,3847,-1233,159,-1392
".Gallia County, Ohio",-1044,-20,3455,3475,-1032,198,-1230
".Geauga County, Ohio",244,1017,8526,7509,-744,348,-1092
".Greene County, Ohio",7360,3434,16419,12985,3975,3973,2
".Guernsey County, Ohio",-1217,-36,4201,4237,-1158,53,-1211
".Hamilton County, Ohio",15102,27997,100520,72523,-12456,17166,-29622
".Hancock County, Ohio",994,1600,8384,6784,-578,1226,-1804
".Hardin County, Ohio",-698,583,3514,2931,-1278,93,-1371
".Harrison County, Ohio",-820,-422,1443,1865,-386,12,-398
".Henry County, Ohio",-1209,370,2952,2582,-1589,12,-1601
".Highland County, Ohio",-445,528,5000,4472,-959,43,-1002
".Hocking County, Ohio",-1105,36,2872,2836,-1144,42,-1186
".Holmes County, Ohio",1597,4206,7050,2844,-2607,-3,-2604
".Huron County, Ohio",-1357,1351,6761,5410,-2722,167,-2889
".Jackson County, Ohio",-806,99,3890,3791,-898,133,-1031
".Jefferson County, Ohio",-4391,-2676,6079,8755,-1654,-148,-1506
".Knox County, Ohio",1394,1064,6777,5713,356,-3,359
".Lake County, Ohio",98,-1640,20823,22463,1951,2277,-326
".Lawrence County, Ohio",-2985,-855,6253,7108,-2102,-221,-1881
".Licking County, Ohio",10380,3622,18174,14552,6916,987,5929
".Logan County, Ohio",-176,541,5041,4500,-694,89,-783
".Lorain County, Ohio",8459,2935,30779,27844,5791,4472,1319
".Lucas County, Ohio",-13467,10548,51659,41111,-24131,4013,-28144
".Madison County, Ohio",1293,163,3924,3761,1119,349,770
".Mahoning County, Ohio",-10104,-5852,22170,28022,-4127,2314,-6441
".Marion County, Ohio",-1412,319,7009,6690,-1714,270,-1984
".Medina County, Ohio",7413,2817,16209,13392,4764,596,4168
".Meigs County, Ohio",-860,-354,2283,2637,-493,-19,-474
".Mercer County, Ohio",356,1615,5384,3769,-1250,104,-1354
".Miami County, Ohio",4484,1125,10847,9722,3465,626,2839
".Monroe County, Ohio",-977,-309,1308,1617,-663,-11,-652
".Montgomery County, Ohio",-3513,6331,61517,55186,-9553,8874,-18427
".Morgan County, Ohio",-536,-251,1341,1592,-279,9,-288
".Morrow County, Ohio",503,563,3511,2948,-45,-14,-31
".Muskingum County, Ohio",129,515,9519,9004,-326,541,-867
".Noble County, Ohio",-231,91,1306,1215,-311,0,-311
".Ottawa County, Ohio",-908,-1374,3131,4505,508,-13,521
".Paulding County, Ohio",-938,204,2035,1831,-1152,58,-1210
".Perry County, Ohio",97,703,3942,3239,-595,64,-659
".Pickaway County, Ohio",2773,543,5597,5054,2262,66,2196
".Pike County, Ohio",-799,8,3190,3182,-796,4,-800
".Portage County, Ohio",1042,81,13218,13137,1026,4224,-3198
".Preble County, Ohio",-1372,-273,4065,4338,-1089,203,-1292
".Putnam County, Ohio",-635,1298,4105,2807,-1954,99,-2053
".Richland County, Ohio",-3320,-161,12743,12904,-3129,238,-3367
".Ross County, Ohio",-1410,130,7792,7662,-1504,166,-1670
".Sandusky County, Ohio",-2428,148,6111,5963,-2570,86,-2656
".Scioto County, Ohio",-4336,-891,8120,9011,-3446,219,-3665
".Seneca County, Ohio",-1564,-46,5416,5462,-1513,466,-1979
".Shelby County, Ohio",-865,1574,5683,4109,-2460,551,-3011
".Stark County, Ohio",-4985,-196,38161,38357,-4438,1067,-5505
".Summit County, Ohio",-759,3226,55941,52715,-3623,8862,-12485
".Trumbull County, Ohio",-12358,-4223,19306,23529,-8063,7,-8070
".Tuscarawas County, Ohio",-598,937,10494,9557,-1472,638,-2110
".Union County, Ohio",6657,2611,5926,3315,4040,579,3461
".Van Wert County, Ohio",-484,185,3099,2914,-661,72,-733
".Vinton County, Ohio",-345,17,1349,1332,-364,-2,-362
".Warren County, Ohio",21804,6921,22121,15200,15075,3620,11455
".Washington County, Ohio",-1876,-1152,5615,6767,-671,165,-836
".Wayne County, Ohio",1194,3917,14085,10168,-2673,877,-3550
".Williams County, Ohio",-960,232,3929,3697,-1190,-45,-1145
".Wood County, Ohio",5328,2574,12547,9973,2762,1487,1275
".Wyandot County, Ohio",-845,28,2296,2268,-872,61,-933
".Adair County, Oklahoma",-474,706,3037,2331,-1182,32,-1214
".Alfalfa County, Oklahoma",63,-65,530,595,124,37,87
".Atoka County, Oklahoma",-407,48,1503,1455,-453,55,-508
".Beaver County, Oklahoma",-325,91,555,464,-424,83,-507
".Beckham County, Oklahoma",-260,953,3150,2197,-1251,9,-1260
".Blaine County, Oklahoma",-2514,168,1310,1142,-2948,157,-3105
".Bryan County, Oklahoma",5579,811,5472,4661,4751,158,4593
".Caddo County, Oklahoma",-836,393,3761,3368,-1222,350,-1572
".Canadian County, Oklahoma",32740,7150,15858,8708,25309,706,24603
".Carter County, Oklahoma",382,472,6084,5612,-57,163,-220
".Cherokee County, Oklahoma",1665,803,5469,4666,884,343,541
".Choctaw County, Oklahoma",-527,-132,1861,1993,-387,3,-390
".Cimarron County, Oklahoma",-338,-3,263,266,-340,13,-353
".Cleveland County, Oklahoma",28024,9536,27254,17718,18408,4994,13414
".Coal County, Oklahoma",-432,-106,630,736,-329,1,-330
".Comanche County, Oklahoma",-3349,7791,17234,9443,-11345,2827,-14172
".Cotton County, Oklahoma",-524,-100,618,718,-424,4,-428
".Craig County, Oklahoma",-885,-455,1458,1913,-428,24,-452
".Creek County, Oklahoma",1530,83,7874,7791,1493,466,1027
".Custer County, Oklahoma",1463,1378,4079,2701,56,540,-484
".Delaware County, Oklahoma",1511,-1180,3924,5104,2709,113,2596
".Dewey County, Oklahoma",81,-60,565,625,144,85,59
".Ellis County, Oklahoma",-292,-110,402,512,-185,48,-233
".Garfield County, Oklahoma",476,2377,8684,6307,-1882,1641,-3523
".Garvin County, Oklahoma",140,-44,3361,3405,198,308,-110
".Grady County, Oklahoma",3404,527,5538,5011,2912,363,2549
".Grant County, Oklahoma",-199,-87,478,565,-113,1,-114
".Greer County, Oklahoma",-527,-103,588,691,-428,-15,-413
".Harmon County, Oklahoma",-269,36,322,286,-307,39,-346
".Harper County, Oklahoma",6,82,459,377,-79,246,-325
".Haskell County, Oklahoma",-148,-67,1387,1454,-74,83,-157
".Hughes County, Oklahoma",-721,-357,1404,1761,-357,30,-387
".Jackson County, Oklahoma",-1916,1458,3813,2355,-3412,659,-4071
".Jefferson County, Oklahoma",-470,-216,657,873,-256,13,-269
".Johnston County, Oklahoma",128,-55,1205,1260,185,17,168
".Kay County, Oklahoma",-3024,216,5610,5394,-3237,19,-3256
".Kingfisher County, Oklahoma",740,424,1811,1387,319,96,223
".Kiowa County, Oklahoma",-738,-171,1069,1240,-567,27,-594
".Latimer County, Oklahoma",-1083,-79,1159,1238,-1013,26,-1039
".Le Flore County, Oklahoma",-529,122,5944,5822,-626,468,-1094
".Lincoln County, Oklahoma",603,53,3583,3530,570,23,547
".Logan County, Oklahoma",6157,1307,4613,3306,4819,37,4782
".Love County, Oklahoma",837,89,1136,1047,748,79,669
".McClain County, Oklahoma",5971,675,3908,3233,5255,124,5131
".McCurtain County, Oklahoma",-322,486,4321,3835,-789,462,-1251
".McIntosh County, Oklahoma",-651,-1023,1898,2921,391,18,373
".Major County, Oklahoma",103,113,968,855,-8,85,-93
".Marshall County, Oklahoma",1093,-26,1769,1795,1122,113,1009
".Mayes County, Oklahoma",-166,-44,4521,4565,-95,70,-165
".Murray County, Oklahoma",585,-285,1434,1719,871,66,805
".Muskogee County, Oklahoma",-3000,-176,8395,8571,-2810,155,-2965
".Noble County, Oklahoma",-435,-40,1211,1251,-391,9,-400
".Nowata County, Oklahoma",-460,-162,1118,1280,-288,14,-302
".Okfuskee County, Oklahoma",-198,-156,1453,1609,-36,62,-98
".Oklahoma County, Oklahoma",79049,46365,110685,64320,32641,18437,14204
".Okmulgee County, Oklahoma",-1597,-351,4474,4825,-1232,18,-1250
".Osage County, Oklahoma",-510,-214,4062,4276,-271,107,-378
".Ottawa County, Oklahoma",-721,-86,4051,4137,-630,134,-764
".Pawnee County, Oklahoma",-194,-121,1807,1928,-75,49,-124
".Payne County, Oklahoma",4437,3002,8191,5189,1453,4134,-2681
".Pittsburg County, Oklahoma",-2173,-837,4838,5675,-1308,42,-1350
".Pontotoc County, Oklahoma",796,849,4921,4072,-24,397,-421
".Pottawatomie County, Oklahoma",3149,756,8357,7601,2427,239,2188
".Pushmataha County, Oklahoma",-482,-302,1181,1483,-179,63,-242
".Roger Mills County, Oklahoma",-64,116,436,320,-182,-2,-180
".Rogers County, Oklahoma",5545,1289,9184,7895,4340,372,3968
".Seminole County, Oklahoma",-1224,-159,3042,3201,-1048,33,-1081
".Sequoyah County, Oklahoma",-859,-55,4839,4894,-786,199,-985
".Stephens County, Oklahoma",-1904,-296,4900,5196,-1588,225,-1813
".Texas County, Oklahoma",-657,1889,3423,1534,-2596,817,-3413
".Tillman County, Oklahoma",-741,-18,850,868,-730,134,-864
".Tulsa County, Oklahoma",48122,32402,85710,53308,16020,13097,2923
".Wagoner County, Oklahoma",8207,2283,8082,5799,5935,306,5629
".Washington County, Oklahoma",548,65,5824,5759,523,823,-300
".Washita County, Oklahoma",-642,50,1355,1305,-693,25,-718
".Woods County, Oklahoma",-85,84,983,899,-184,58,-242
".Woodward County, Oklahoma",127,962,2715,1753,-871,247,-1118
".Baker County, Oregon",-7,-386,1508,1894,393,99,294
".Benton County, Oregon",7472,1494,6730,5236,5963,4555,1408
".Clackamas County, Oregon",42191,6913,37318,30405,35271,2010,33261
".Clatsop County, Oregon",3198,153,3788,3635,3034,107,2927
".Columbia County, Oregon",3001,564,4621,4057,2436,60,2376
".Coos County, Oregon",1432,-2564,5693,8257,4023,122,3901
".Crook County, Oregon",3426,-309,1983,2292,3708,-54,3762
".Curry County, Oregon",561,-1759,1631,3390,2311,-188,2499
".Deschutes County, Oregon",39964,3342,16324,12982,36236,-263,36499
".Douglas County, Oregon",3296,-3255,10023,13278,6637,-47,6684
".Gilliam County, Oregon",39,-25,163,188,64,7,57
".Grant County, Oregon",-245,-204,574,778,-39,-7,-32
".Harney County, Oregon",-29,-45,724,769,12,46,-34
".Hood River County, Oregon",1036,906,2546,1640,139,25,114
".Jackson County, Oregon",17740,44,21343,21299,17697,-141,17838
".Jefferson County, Oregon",2933,707,2643,1936,2216,-24,2240
".Josephine County, Oregon",4768,-3219,7810,11029,7981,-140,8121
".Klamath County, Oregon",1854,234,7360,7126,1647,85,1562
".Lake County, Oregon",-16,-169,656,825,157,-1,158
".Lane County, Oregon",30362,588,32589,32001,29917,5052,24865
".Lincoln County, Oregon",3929,-1541,3903,5444,5428,150,5278
".Linn County, Oregon",13068,2217,13642,11425,10883,204,10679
".Malheur County, Oregon",-745,1165,3927,2762,-1920,-126,-1794
".Marion County, Oregon",32480,15505,40767,25262,17165,1748,15417
".Morrow County, Oregon",428,780,1501,721,-363,126,-489
".Multnomah County, Oregon",77709,31928,84340,52412,45235,25388,19847
".Polk County, Oregon",10685,1849,8085,6236,8838,731,8107
".Sherman County, Oregon",14,2,151,149,12,4,8
".Tillamook County, Oregon",1782,-453,2267,2720,2236,11,2225
".Umatilla County, Oregon",2063,3571,9549,5978,-1480,152,-1632
".Union County, Oregon",1091,278,2743,2465,822,178,644
".Wallowa County, Oregon",200,-224,557,781,421,5,416
".Wasco County, Oregon",1471,-56,2829,2885,1532,69,1463
".Washington County, Oregon",71730,34611,64641,30030,37261,18115,19146
".Wheeler County, Oregon",-107,-86,91,177,-23,0,-23
".Yamhill County, Oregon",7884,2028,10343,8315,5880,174,5706
".Adams County, Pennsylvania",1581,189,9396,9207,1470,544,926
".Allegheny County, Pennsylvania",-7258,-6146,120930,127076,-157,27900,-28057
".Armstrong County, Pennsylvania",-4324,-1807,6055,7862,-2477,15,-2492
".Beaver County, Pennsylvania",-6602,-4294,15258,19552,-2131,161,-2292
".Bedford County, Pennsylvania",-1888,-844,4378,5222,-1007,51,-1058
".Berks County, Pennsylvania",9594,8976,44567,35591,764,13606,-12842
".Blair County, Pennsylvania",-5288,-3044,11809,14853,-2137,266,-2403
".Bradford County, Pennsylvania",-2377,162,6539,6377,-2535,198,-2733
".Bucks County, Pennsylvania",3014,-10,53599,53609,3393,7022,-3629
".Butler County, Pennsylvania",3973,-1249,16601,17850,5404,711,4693
".Cambria County, Pennsylvania",-13503,-4708,12304,17012,-8837,384,-9221
".Cameron County, Pennsylvania",-638,-174,412,586,-463,56,-519
".Carbon County, Pennsylvania",-1062,-1975,5469,7444,972,63,909
".Centre County, Pennsylvania",8380,2310,11320,9010,6069,9416,-3347
".Chester County, Pennsylvania",25856,14941,50683,35742,11362,10630,732
".Clarion County, Pennsylvania",-1550,-243,3695,3938,-1325,165,-1490
".Clearfield County, Pennsylvania",-2354,-1757,6918,8675,-533,547,-1080
".Clinton County, Pennsylvania",-621,169,3845,3676,-778,116,-894
".Columbia County, Pennsylvania",-2335,-1019,5413,6432,-1264,158,-1422
".Crawford County, Pennsylvania",-4121,-615,8627,9242,-3470,193,-3663
".Cumberland County, Pennsylvania",17983,2484,23679,21195,15657,5177,10480
".Dauphin County, Pennsylvania",10173,8509,31627,23118,1809,9327,-7518
".Delaware County, Pennsylvania",7990,11143,61777,50634,-2925,14926,-17851
".Elk County, Pennsylvania",-2036,-819,2772,3591,-1210,11,-1221
".Erie County, Pennsylvania",-10856,2456,28804,26348,-13316,5680,-18996
".Fayette County, Pennsylvania",-7327,-4243,12440,16683,-2972,436,-3408
".Forest County, Pennsylvania",-462,-503,290,793,46,38,8
".Franklin County, Pennsylvania",5396,3065,16994,13929,2510,1461,1049
".Fulton County, Pennsylvania",-314,-151,1261,1412,-150,15,-165
".Greene County, Pennsylvania",-2452,-410,3632,4042,-2035,-3,-2032
".Huntingdon County, Pennsylvania",-856,-686,3647,4333,-132,283,-415
".Indiana County, Pennsylvania",-4812,-894,7555,8449,-3912,643,-4555
".Jefferson County, Pennsylvania",-1764,-584,4609,5193,-1149,26,-1175
".Juniata County, Pennsylvania",126,247,2580,2333,-107,283,-390
".Lackawanna County, Pennsylvania",-4741,-4552,20069,24621,-62,6084,-6146
".Lancaster County, Pennsylvania",26281,20139,65415,45276,6589,11759,-5170
".Lawrence County, Pennsylvania",-5645,-2383,8207,10590,-3229,196,-3425
".Lebanon County, Pennsylvania",8196,1613,15092,13479,6716,4877,1839
".Lehigh County, Pennsylvania",19643,7545,38570,31025,12313,17308,-4995
".Luzerne County, Pennsylvania",-3489,-7535,29539,37074,4334,7971,-3637
".Lycoming County, Pennsylvania",-2803,-325,11394,11719,-2439,602,-3041
".McKean County, Pennsylvania",-2836,-936,3863,4799,-1881,67,-1948
".Mercer County, Pennsylvania",-7239,-2738,10269,13007,-4452,354,-4806
".Mifflin County, Pennsylvania",-541,363,5315,4952,-862,148,-1010
".Monroe County, Pennsylvania",430,72,13202,13130,344,2408,-2064
".Montgomery County, Pennsylvania",31075,13070,82222,69152,18789,19427,-638
".Montour County, Pennsylvania",-26,-10,2033,2043,0,356,-356
".Northampton County, Pennsylvania",7573,-835,26191,27026,8730,5446,3284
".Northumberland County, Pennsylvania",-3633,-2066,8727,10793,-1497,220,-1717
".Perry County, Pennsylvania",341,810,4968,4158,-438,116,-554
".Philadelphia County, Pennsylvania",58052,72740,206030,133290,-13633,77685,-91318
".Pike County, Pennsylvania",-1529,-879,3286,4165,-651,322,-973
".Potter County, Pennsylvania",-921,-199,1729,1928,-714,19,-733
".Schuylkill County, Pennsylvania",-6931,-5037,12805,17842,-1787,464,-2251
".Snyder County, Pennsylvania",651,632,3904,3272,56,141,-85
".Somerset County, Pennsylvania",-4284,-2723,6235,8958,-1498,260,-1758
".Sullivan County, Pennsylvania",-363,-507,465,972,146,47,99
".Susquehanna County, Pennsylvania",-2999,-842,3419,4261,-2146,17,-2163
".Tioga County, Pennsylvania",-1313,-225,3955,4180,-1083,56,-1139
".Union County, Pennsylvania",-40,187,3719,3532,-239,337,-576
".Venango County, Pennsylvania",-4320,-1209,4867,6076,-3102,15,-3117
".Warren County, Pennsylvania",-2620,-982,3714,4696,-1618,87,-1705
".Washington County, Pennsylvania",-984,-5086,18285,23371,4337,805,3532
".Wayne County, Pennsylvania",-1512,-1862,3770,5632,382,18,364
".Westmoreland County, Pennsylvania",-16172,-12702,28590,41292,-3154,626,-3780
".Wyoming County, Pennsylvania",-1489,-221,2614,2835,-1260,62,-1322
".York County, Pennsylvania",14043,8584,45524,36940,5907,5255,652
".Bristol County, Rhode Island",-1365,-1505,3192,4697,172,423,-251
".Kent County, Rhode Island",-1817,-1430,14650,16080,-259,1075,-1334
".Newport County, Rhode Island",-1059,-321,6401,6722,-683,2007,-2690
".Providence County, Rhode Island",12150,15107,67587,52480,-2889,32538,-35427
".Washington County, Rhode Island",-1512,-2182,8264,10446,782,870,-88
".Abbeville County, South Carolina",-889,-397,2248,2645,-479,-23,-456
".Aiken County, South Carolina",10743,1797,17525,15728,9020,1217,7803
".Allendale County, South Carolina",-1731,-190,852,1042,-1561,40,-1601
".Anderson County, South Carolina",15636,1512,20883,19371,14211,971,13240
".Bamberg County, South Carolina",-1906,-377,1322,1699,-1547,-16,-1531
".Barnwell County, South Carolina",-1755,71,2499,2428,-1833,3,-1836
".Beaufort County, South Carolina",29903,4756,18655,13899,24856,3115,21741
".Berkeley County, South Carolina",49534,11917,24617,12700,37234,3353,33881
".Calhoun County, South Carolina",-625,-292,1301,1593,-335,31,-366
".Charleston County, South Carolina",61278,15721,44701,28980,44732,3649,41083
".Cherokee County, South Carolina",1812,517,6226,5709,1340,-93,1433
".Chester County, South Carolina",-915,-150,3533,3683,-750,-8,-742
".Chesterfield County, South Carolina",-1072,-77,4706,4783,-975,188,-1163
".Clarendon County, South Carolina",-1204,-503,3093,3596,-686,-12,-674
".Colleton County, South Carolina",-1210,-555,4197,4752,-642,-141,-501
".Darlington County, South Carolina",-1993,-477,7220,7697,-1464,179,-1643
".Dillon County, South Carolina",-1580,441,3912,3471,-2029,388,-2417
".Dorchester County, South Carolina",26665,7173,16877,9704,19322,1229,18093
".Edgefield County, South Carolina",295,-257,1811,2068,567,33,534
".Fairfield County, South Carolina",-1612,-725,2012,2737,-880,168,-1048
".Florence County, South Carolina",1328,2239,15952,13713,-782,640,-1422
".Georgetown County, South Carolina",2369,-1682,5241,6923,4073,52,4021
".Greenville County, South Carolina",72331,19635,57714,38079,52392,10696,41696
".Greenwood County, South Carolina",1120,1101,7926,6825,58,773,-715
".Hampton County, South Carolina",-1868,-64,1995,2059,-1816,10,-1826
".Horry County, South Carolina",84935,-1076,28761,29837,84833,2415,82418
".Jasper County, South Carolina",5282,990,3192,2202,4237,421,3816
".Kershaw County, South Carolina",4957,618,6775,6157,4369,317,4052
".Lancaster County, South Carolina",21361,1052,8989,7937,20076,397,19679
".Laurens County, South Carolina",980,-430,7150,7580,1450,354,1096
".Lee County, South Carolina",-2398,-530,1643,2173,-1884,0,-1884
".Lexington County, South Carolina",36297,8104,29956,21852,28141,3514,24627
".McCormick County, South Carolina",-766,-690,532,1222,-68,-25,-43
".Marion County, South Carolina",-2401,-408,3547,3955,-1997,155,-2152
".Marlboro County, South Carolina",-2817,-386,2747,3133,-2440,42,-2482
".Newberry County, South Carolina",930,25,4014,3989,933,121,812
".Oconee County, South Carolina",5261,-1048,7071,8119,6311,918,5393
".Orangeburg County, South Carolina",-6333,-169,9641,9810,-6179,317,-6496
".Pickens County, South Carolina",7499,421,11114,10693,7080,1896,5184
".Richland County, South Carolina",31334,16980,44312,27332,14579,9109,5470
".Saluda County, South Carolina",613,317,2238,1921,314,311,3
".Spartanburg County, South Carolina",35481,6361,33877,27516,29139,1679,27460
".Sumter County, South Carolina",-764,3603,13505,9902,-4343,1132,-5475
".Union County, South Carolina",-1657,-673,2858,3531,-978,-16,-962
".Williamsburg County, South Carolina",-4042,-715,3098,3813,-3359,236,-3595
".York County, South Carolina",54942,8605,27126,18521,45951,1229,44722
".Aurora County, South Dakota",41,92,344,252,-52,64,-116
".Beadle County, South Dakota",1054,1105,2883,1778,-59,1586,-1645
".Bennett County, South Dakota",-66,300,618,318,-370,6,-376
".Bon Homme County, South Dakota",-166,-75,612,687,-86,2,-88
".Brookings County, South Dakota",3111,2093,3890,1797,1021,1407,-386
".Brown County, South Dakota",2307,1212,4641,3429,1092,887,205
".Brule County, South Dakota",42,197,685,488,-158,1,-159
".Buffalo County, South Dakota",49,230,433,203,-180,0,-180
".Butte County, South Dakota",317,228,1192,964,94,-13,107
".Campbell County, South Dakota",-90,-23,106,129,-67,9,-76
".Charles Mix County, South Dakota",161,536,1475,939,-372,-3,-369
".Clark County, South Dakota",45,124,531,407,-77,70,-147
".Clay County, South Dakota",204,443,1355,912,-247,200,-447
".Codington County, South Dakota",784,1145,3378,2233,-346,149,-495
".Corson County, South Dakota",46,400,836,436,-361,14,-375
".Custer County, South Dakota",754,-150,674,824,900,101,799
".Davison County, South Dakota",271,387,2352,1965,-106,206,-312
".Day County, South Dakota",-286,-122,587,709,-163,17,-180
".Deuel County, South Dakota",-13,65,466,401,-78,74,-152
".Dewey County, South Dakota",591,768,1345,577,-176,-1,-175
".Douglas County, South Dakota",-79,-22,360,382,-56,47,-103
".Edmunds County, South Dakota",-242,-13,400,413,-226,41,-267
".Fall River County, South Dakota",-381,-545,519,1064,159,28,131
".Faulk County, South Dakota",-65,26,286,260,-90,-2,-88
".Grant County, South Dakota",-306,-2,758,760,-310,177,-487
".Gregory County, South Dakota",-86,-108,464,572,25,-1,26
".Haakon County, South Dakota",-38,-30,195,225,-7,0,-7
".Hamlin County, South Dakota",265,477,1081,604,-213,71,-284
".Hand County, South Dakota",-239,-59,341,400,-185,7,-192
".Hanson County, South Dakota",121,207,406,199,-86,-2,-84
".Harding County, South Dakota",43,77,153,76,-41,17,-58
".Hughes County, South Dakota",504,851,2185,1334,-347,-33,-314
".Hutchinson County, South Dakota",-52,-65,953,1018,17,41,-24
".Hyde County, South Dakota",-119,-26,145,171,-95,1,-96
".Jackson County, South Dakota",314,402,701,299,-88,14,-102
".Jerauld County, South Dakota",-58,-33,209,242,-26,35,-61
".Jones County, South Dakota",-103,13,106,93,-117,0,-117
".Kingsbury County, South Dakota",-208,-29,594,623,-184,16,-200
".Lake County, South Dakota",1595,162,1215,1053,1411,61,1350
".Lawrence County, South Dakota",1754,36,2158,2122,1697,299,1398
".Lincoln County, South Dakota",16305,5354,7459,2105,10812,29,10783
".Lyman County, South Dakota",26,336,646,310,-309,0,-309
".McCook County, South Dakota",-32,45,727,682,-74,84,-158
".McPherson County, South Dakota",-80,-101,217,318,22,-9,31
".Marshall County, South Dakota",279,143,607,464,138,223,-85
".Meade County, South Dakota",2892,982,2739,1757,1899,311,1588
".Mellette County, South Dakota",18,96,336,240,-81,3,-84
".Miner County, South Dakota",-173,-64,227,291,-110,-3,-107
".Minnehaha County, South Dakota",23660,14225,26709,12484,9441,6279,3162
".Moody County, South Dakota",83,316,815,499,-234,138,-372
".Oglala Lakota County, South Dakota",591,1641,2983,1342,-1052,-29,-1023
".Pennington County, South Dakota",12815,6155,14108,7953,6616,737,5879
".Perkins County, South Dakota",-126,-63,320,383,-64,1,-65
".Potter County, South Dakota",-181,-105,213,318,-75,8,-83
".Roberts County, South Dakota",247,576,1622,1046,-324,59,-383
".Sanborn County, South Dakota",-11,64,310,246,-73,11,-84
".Spink County, South Dakota",-39,41,727,686,-87,106,-193
".Stanley County, South Dakota",132,174,346,172,-41,0,-41
".Sully County, South Dakota",23,63,154,91,-44,10,-54
".Todd County, South Dakota",567,1514,2455,941,-950,177,-1127
".Tripp County, South Dakota",-208,41,678,637,-248,-11,-237
".Turner County, South Dakota",35,-116,849,965,154,39,115
".Union County, South Dakota",1534,464,1568,1104,1069,236,833
".Walworth County, South Dakota",-3,-61,681,742,57,138,-81
".Yankton County, South Dakota",376,404,2489,2085,-10,57,-67
".Ziebach County, South Dakota",-45,161,304,143,-207,5,-212
".Anderson County, Tennessee",1896,-1296,7386,8682,3262,423,2839
".Bedford County, Tennessee",4656,1474,5848,4374,3185,657,2528
".Benton County, Tennessee",-331,-827,1477,2304,505,16,489
".Bledsoe County, Tennessee",2190,-127,1129,1256,2246,108,2138
".Blount County, Tennessee",9990,-806,11680,12486,10830,544,10286
".Bradley County, Tennessee",9184,1663,11066,9403,7537,1101,6436
".Campbell County, Tennessee",-881,-1243,3978,5221,396,32,364
".Cannon County, Tennessee",865,-148,1456,1604,1011,72,939
".Carroll County, Tennessee",-719,-983,2863,3846,272,17,255
".Carter County, Tennessee",-992,-1660,4753,6413,708,53,655
".Cheatham County, Tennessee",1557,573,4147,3574,1006,2,1004
".Chester County, Tennessee",152,76,1723,1647,82,61,21
".Claiborne County, Tennessee",-253,-1055,2917,3972,822,110,712
".Clay County, Tennessee",-238,-364,688,1052,127,31,96
".Cocke County, Tennessee",362,-1106,3510,4616,1496,-47,1543
".Coffee County, Tennessee",3717,79,6221,6142,3668,-113,3781
".Crockett County, Tennessee",-346,-126,1539,1665,-211,62,-273
".Cumberland County, Tennessee",4460,-2362,5042,7404,6768,223,6545
".Davidson County, Tennessee",67586,43644,92092,48448,23538,27741,-4203
".Decatur County, Tennessee",-87,-519,1067,1586,441,87,354
".DeKalb County, Tennessee",1768,-170,2066,2236,1940,522,1418
".Dickson County, Tennessee",4298,712,5672,4960,3594,-47,3641
".Dyer County, Tennessee",-1171,188,4350,4162,-1349,52,-1401
".Fayette County, Tennessee",2694,295,3905,3610,2395,158,2237
".Fentress County, Tennessee",561,-519,1748,2267,1090,-20,1110
".Franklin County, Tennessee",1144,-862,3677,4539,2015,289,1726
".Gibson County, Tennessee",-554,-600,5601,6201,83,42,41
".Giles County, Tennessee",-12,-467,2865,3332,464,311,153
".Grainger County, Tennessee",664,-489,2094,2583,1158,-1,1159
".Greene County, Tennessee",244,-2254,5954,8208,2548,113,2435
".Grundy County, Tennessee",-299,-418,1454,1872,124,1,123
".Hamblen County, Tennessee",2400,315,7177,6862,2140,712,1428
".Hamilton County, Tennessee",31327,6726,38812,32086,24504,3715,20789
".Hancock County, Tennessee",-191,-293,634,927,109,7,102
".Hardeman County, Tennessee",-2195,-297,2396,2693,-1916,-7,-1909
".Hardin County, Tennessee",-356,-879,2517,3396,543,108,435
".Hawkins County, Tennessee",-40,-1443,4978,6421,1450,28,1422
".Haywood County, Tennessee",-1503,87,1951,1864,-1598,19,-1617
".Henderson County, Tennessee",337,-3,2977,2980,364,-31,395
".Henry County, Tennessee",-4,-1216,3046,4262,1241,21,1220
".Hickman County, Tennessee",488,-94,2482,2576,582,-24,606
".Houston County, Tennessee",-228,-222,769,991,-10,-1,-9
".Humphreys County, Tennessee",47,-330,1934,2264,384,-4,388
".Jackson County, Tennessee",152,-489,919,1408,638,0,638
".Jefferson County, Tennessee",2827,-846,4723,5569,3673,128,3545
".Johnson County, Tennessee",-452,-665,1424,2089,224,-39,263
".Knox County, Tennessee",38053,8473,48218,39745,29610,5854,23756
".Lake County, Tennessee",-816,-289,602,891,-531,4,-535
".Lauderdale County, Tennessee",-2189,126,2785,2659,-2346,77,-2423
".Lawrence County, Tennessee",2286,374,5275,4901,1928,24,1904
".Lewis County, Tennessee",98,-98,1238,1336,193,-18,211
".Lincoln County, Tennessee",1012,-495,3331,3826,1536,130,1406
".Loudon County, Tennessee",5507,-929,4832,5761,6389,279,6110
".McMinn County, Tennessee",1507,-827,5308,6135,2373,554,1819
".McNairy County, Tennessee",-388,-752,2559,3311,381,4,377
".Macon County, Tennessee",2376,487,3006,2519,1893,201,1692
".Madison County, Tennessee",-319,2361,11449,9088,-2629,565,-3194
".Marion County, Tennessee",685,-504,2902,3406,1202,20,1182
".Marshall County, Tennessee",3764,505,3508,3003,3274,247,3027
".Maury County, Tennessee",15455,2669,10651,7982,12672,418,12254
".Meigs County, Tennessee",656,-301,1127,1428,957,-22,979
".Monroe County, Tennessee",2047,-347,4570,4917,2411,151,2260
".Montgomery County, Tennessee",36631,20001,31223,11222,16229,4145,12084
".Moore County, Tennessee",146,-117,488,605,266,66,200
".Morgan County, Tennessee",-583,-292,1851,2143,-292,3,-295
".Obion County, Tennessee",-1738,-384,3195,3579,-1353,9,-1362
".Overton County, Tennessee",159,-581,2161,2742,756,10,746
".Perry County, Tennessee",146,-123,925,1048,274,29,245
".Pickett County, Tennessee",-38,-282,375,657,243,-14,257
".Polk County, Tennessee",11,-589,1483,2072,602,-13,615
".Putnam County, Tennessee",7906,988,8198,7210,6942,1978,4964
".Rhea County, Tennessee",1363,-44,3578,3622,1421,235,1186
".Roane County, Tennessee",-826,-2196,4394,6590,1412,-53,1465
".Robertson County, Tennessee",5494,2141,8153,6012,3369,463,2906
".Rutherford County, Tennessee",69697,19429,36132,16703,49780,4619,45161
".Scott County, Tennessee",-164,-80,2470,2550,-70,-11,-59
".Sequatchie County, Tennessee",905,6,1453,1447,900,-19,919
".Sevier County, Tennessee",8530,410,9656,9246,8085,1395,6690
".Shelby County, Tennessee",9484,51292,124924,73632,-41853,12632,-54485
".Smith County, Tennessee",1007,104,2091,1987,905,-8,913
".Stewart County, Tennessee",402,-236,1241,1477,640,26,614
".Sullivan County, Tennessee",1548,-4480,14283,18763,6173,-165,6338
".Sumner County, Tennessee",30649,5316,18985,13669,25183,884,24299
".Tipton County, Tennessee",593,1380,6667,5287,-773,176,-949
".Trousdale County, Tennessee",3420,44,916,872,3337,-2,3339
".Unicoi County, Tennessee",-428,-1013,1491,2504,604,78,526
".Union County, Tennessee",865,-68,1905,1973,939,12,927
".Van Buren County, Tennessee",314,-52,576,628,360,0,360
".Warren County, Tennessee",1453,-63,4408,4471,1547,339,1208
".Washington County, Tennessee",6312,-641,12079,12720,6973,1176,5797
".Wayne County, Tennessee",-352,-582,1292,1874,242,6,236
".Weakley County, Tennessee",-1687,-286,3177,3463,-1409,251,-1660
".White County, Tennessee",1501,-626,2768,3394,2134,40,2094
".Williamson County, Tennessee",55135,9696,20125,10429,45197,4011,41186
".Wilson County, Tennessee",30595,4074,13543,9469,26273,1068,25205
".Anderson County, Texas",-717,-752,5460,6212,67,293,-226
".Andrews County, Texas",3919,1488,2782,1294,2381,190,2191
".Angelina County, Texas",-56,2576,10851,8275,-2578,241,-2819
".Aransas County, Texas",352,-969,2240,3209,1255,-18,1273
".Archer County, Texas",-508,-194,687,881,-318,10,-328
".Armstrong County, Texas",-14,-63,189,252,48,10,38
".Atascosa County, Texas",6230,2562,6250,3688,3655,39,3616
".Austin County, Texas",1620,616,3133,2517,1018,210,808
".Bailey County, Texas",-165,604,1139,535,-783,297,-1080
".Bandera County, Texas",2625,-429,1574,2003,3043,43,3000
".Bastrop County, Texas",14506,3131,9195,6064,11287,-91,11378
".Baylor County, Texas",-217,-212,348,560,-5,-1,-4
".Bee County, Texas",704,1029,3385,2356,-320,32,-352
".Bell County, Texas",52765,38172,57476,19304,14304,10728,3576
".Bexar County, Texas",288773,131611,249296,117685,156283,42700,113583
".Blanco County, Texas",1448,-276,826,1102,1715,118,1597
".Borden County, Texas",13,12,55,43,-1,0,-1
".Bosque County, Texas",468,-577,1719,2296,1044,27,1017
".Bowie County, Texas",681,1748,11081,9333,-1014,407,-1421
".Brazoria County, Texas",61147,22962,43568,20606,37995,3767,34228
".Brazos County, Texas",34350,15882,24944,9062,18398,12241,6157
".Brewster County, Texas",-29,243,954,711,-279,36,-315
".Briscoe County, Texas",-91,-42,122,164,-52,11,-63
".Brooks County, Texas",-130,333,1082,749,-468,386,-854
".Brown County, Texas",-242,-684,3809,4493,469,211,258
".Burleson County, Texas",1256,-76,1868,1944,1336,291,1045
".Burnet County, Texas",5444,14,4397,4383,5412,-9,5421
".Caldwell County, Texas",5609,1775,4759,2984,3844,187,3657
".Calhoun County, Texas",-92,757,2649,1892,-845,281,-1126
".Callahan County, Texas",398,-286,1300,1586,693,54,639
".Cameron County, Texas",16948,41223,65142,23919,-24410,4200,-28610
".Camp County, Texas",693,380,1704,1324,317,339,-22
".Carson County, Texas",-258,-71,519,590,-188,19,-207
".Cass County, Texas",-443,-601,3151,3752,171,71,100
".Castro County, Texas",-533,558,1092,534,-1111,361,-1472
".Chambers County, Texas",8730,2177,4683,2506,6508,470,6038
".Cherokee County, Texas",1812,1996,6916,4920,-141,156,-297
".Childress County, Texas",265,57,690,633,200,26,174
".Clay County, Texas",-283,-302,791,1093,17,68,-51
".Cochran County, Texas",-274,168,409,241,-450,126,-576
".Coke County, Texas",70,-165,296,461,238,-3,241
".Coleman County, Texas",-718,-419,782,1201,-294,40,-334
".Collin County, Texas",253311,63450,99998,36548,188656,43283,145373
".Collingsworth County, Texas",-137,1,349,348,-143,22,-165
".Colorado County, Texas",621,-57,2371,2428,693,565,128
".Comal County, Texas",47689,3056,13238,10182,44119,1051,43068
".Comanche County, Texas",-325,-203,1397,1600,-119,112,-231
".Concho County, Texas",-1361,-52,236,288,-1338,305,-1643
".Cooke County, Texas",2821,1240,4979,3739,1584,361,1223
".Coryell County, Texas",477,5010,9130,4120,-4698,2683,-7381
".Cottle County, Texas",-108,-79,133,212,-29,0,-29
".Crane County, Texas",422,321,651,330,92,69,23
".Crockett County, Texas",-255,119,445,326,-377,46,-423
".Crosby County, Texas",-319,42,691,649,-364,17,-381
".Culberson County, Texas",-227,127,273,146,-361,9,-370
".Dallam County, Texas",587,960,1340,380,-375,453,-828
".Dallas County, Texas",268086,218560,362631,144071,50754,110494,-59740
".Dawson County, Texas",-1105,447,1710,1263,-1597,162,-1759
".Deaf Smith County, Texas",-826,1765,3115,1350,-2622,184,-2806
".Delta County, Texas",99,-105,594,699,201,2,199
".Denton County, Texas",224650,58389,89596,31207,164349,20859,143490
".DeWitt County, Texas",63,-52,2312,2364,124,30,94
".Dickens County, Texas",-230,-61,179,240,-176,10,-186
".Dimmit County, Texas",128,650,1486,836,-539,45,-584
".Donley County, Texas",-448,-146,308,454,-307,20,-327
".Duval County, Texas",-620,310,1512,1202,-950,37,-987
".Eastland County, Texas",-222,-473,1862,2335,264,113,151
".Ector County, Texas",29087,15113,26048,10935,13561,2296,11265
".Edwards County, Texas",-70,16,211,195,-86,2,-88
".Ellis County, Texas",35216,8562,19445,10883,26585,824,25761
".El Paso County, Texas",38605,73839,121185,47346,-35484,17728,-53212
".Erath County, Texas",4803,1459,4475,3016,3307,92,3215
".Falls County, Texas",-566,181,1889,1708,-751,40,-791
".Fannin County, Texas",1604,-791,3105,3896,2427,329,2098
".Fayette County, Texas",794,-622,2222,2844,1436,87,1349
".Fisher County, Texas",-148,-113,347,460,-37,48,-85
".Floyd County, Texas",-734,130,721,591,-879,51,-930
".Foard County, Texas",-181,-79,101,180,-107,2,-109
".Fort Bend County, Texas",226989,56081,83280,27199,169327,44013,125314
".Franklin County, Texas",124,-61,1014,1075,188,6,182
".Freestone County, Texas",-100,23,2019,1996,-107,112,-219
".Frio County, Texas",3089,1071,2322,1251,2001,1825,176
".Gaines County, Texas",3966,2698,3760,1062,1268,745,523
".Galveston County, Texas",50827,13223,37105,23882,37306,4802,32504
".Garza County, Texas",-232,114,573,459,-362,383,-745
".Gillespie County, Texas",2160,-919,2315,3234,3079,272,2807
".Glasscock County, Texas",183,81,140,59,100,80,20
".Goliad County, Texas",448,-75,650,725,521,-13,534
".Gonzales County, Texas",1026,832,2689,1857,202,-82,284
".Gray County, Texas",-651,469,2876,2407,-1152,90,-1242
".Grayson County, Texas",15335,1360,14334,12974,14009,1313,12696
".Gregg County, Texas",2198,5009,16799,11790,-2763,1196,-3959
".Grimes County, Texas",2299,379,2939,2560,1928,116,1812
".Guadalupe County, Texas",35320,7110,16403,9293,27909,765,27144
".Hale County, Texas",-2800,1667,4510,2843,-4540,142,-4682
".Hall County, Texas",-389,-155,261,416,-236,3,-239
".Hamilton County, Texas",-51,-428,833,1261,380,63,317
".Hansford County, Texas",-214,254,712,458,-474,242,-716
".Hardeman County, Texas",-206,-57,359,416,-154,65,-219
".Hardin County, Texas",2967,1164,6371,5207,1850,12,1838
".Harris County, Texas",620149,407273,637975,230702,213262,267216,-53954
".Harrison County, Texas",913,1649,7583,5934,-708,514,-1222
".Hartley County, Texas",-486,205,568,363,-710,139,-849
".Haskell County, Texas",-244,-329,424,753,79,344,-265
".Hays County, Texas",73088,12673,21663,8990,59451,2307,57144
".Hemphill County, Texas",12,245,554,309,-240,54,-294
".Henderson County, Texas",4159,-1376,8297,9673,5569,241,5328
".Hidalgo County, Texas",93943,105539,143366,37827,-11366,11748,-23114
".Hill County, Texas",1561,-92,3774,3866,1672,120,1552
".Hockley County, Texas",94,993,2927,1934,-897,80,-977
".Hood County, Texas",10480,-650,5519,6169,11054,342,10712
".Hopkins County, Texas",1921,640,4239,3599,1290,-70,1360
".Houston County, Texas",-763,-655,2115,2770,-102,113,-215
".Howard County, Texas",1652,660,4210,3550,961,838,123
".Hudspeth County, Texas",1410,215,387,172,1179,425,754
".Hunt County, Texas",12450,1998,10401,8403,10448,889,9559
".Hutchinson County, Texas",-1313,470,2677,2207,-1790,82,-1872
".Irion County, Texas",-61,12,138,126,-75,0,-75
".Jack County, Texas",-106,42,876,834,-147,20,-167
".Jackson County, Texas",685,482,1878,1396,203,98,105
".Jasper County, Texas",-181,154,4046,3892,-338,23,-361
".Jeff Davis County, Texas",-68,-32,134,166,-39,24,-63
".Jefferson County, Texas",-712,9657,32457,22800,-10447,5347,-15794
".Jim Hogg County, Texas",-100,263,761,498,-365,158,-523
".Jim Wells County, Texas",-361,1982,5691,3709,-2353,383,-2736
".Johnson County, Texas",24861,6572,18858,12286,18341,122,18219
".Jones County, Texas",-109,-183,1534,1717,53,54,-1
".Karnes County, Texas",773,202,1558,1356,551,611,-60
".Kaufman County, Texas",32806,6090,14487,8397,26578,385,26193
".Kendall County, Texas",14047,68,3318,3250,13845,479,13366
".Kenedy County, Texas",-9,12,36,24,-26,81,-107
".Kent County, Texas",-46,-43,64,107,-6,0,-6
".Kerr County, Texas",2956,-1875,4812,6687,4829,325,4504
".Kimble County, Texas",-268,-139,392,531,-130,-2,-128
".King County, Texas",-13,13,24,11,-26,0,-26
".Kinney County, Texas",69,-21,318,339,87,214,-127
".Kleberg County, Texas",-1381,1756,4135,2379,-3184,795,-3979
".Knox County, Texas",-55,-58,434,492,0,39,-39
".Lamar County, Texas",68,388,6062,5674,-303,31,-334
".Lamb County, Texas",-1083,355,1758,1403,-1454,39,-1493
".Lampasas County, Texas",1753,215,2080,1865,1536,187,1349
".La Salle County, Texas",634,372,867,495,247,209,38
".Lavaca County, Texas",890,-242,2067,2309,1141,89,1052
".Lee County, Texas",630,313,1868,1555,327,-53,380
".Leon County, Texas",606,-85,1905,1990,696,33,663
".Liberty County, Texas",12576,3020,10190,7170,9567,246,9321
".Limestone County, Texas",49,301,2741,2440,-238,220,-458
".Lipscomb County, Texas",-69,150,410,260,-226,63,-289
".Live Oak County, Texas",674,55,1166,1111,609,110,499
".Llano County, Texas",2492,-1371,1475,2846,3820,24,3796
".Loving County, Texas",87,4,16,12,81,0,81
".Lubbock County, Texas",31651,15457,37542,22085,16145,3382,12763
".Lynn County, Texas",36,197,692,495,-165,4,-169
".McCulloch County, Texas",-300,-165,837,1002,-133,24,-157
".McLennan County, Texas",21720,12714,32098,19384,9135,2590,6545
".McMullen County, Texas",36,2,75,73,31,25,6
".Madison County, Texas",614,255,1475,1220,362,173,189
".Marion County, Texas",-681,-667,839,1506,-5,-7,2
".Martin County, Texas",972,438,846,408,522,61,461
".Mason County, Texas",261,-80,339,419,342,113,229
".Matagorda County, Texas",-59,1454,4938,3484,-1508,85,-1593
".Maverick County, Texas",4464,6536,9990,3454,-2075,1598,-3673
".Medina County, Texas",5591,1482,5204,3722,4120,89,4031
".Menard County, Texas",-104,-152,162,314,46,16,30
".Midland County, Texas",39960,15442,25290,9848,24035,3246,20789
".Milam County, Texas",64,84,2780,2696,-20,116,-136
".Mills County, Texas",-68,-227,373,600,162,13,149
".Mitchell County, Texas",-858,39,913,874,-927,-14,-913
".Montague County, Texas",98,-388,2085,2473,493,14,479
".Montgomery County, Texas",151644,31720,63930,32210,118697,12462,106235
".Moore County, Texas",-964,2506,3815,1309,-3520,957,-4477
".Morris County, Texas",-546,-169,1407,1576,-368,17,-385
".Motley County, Texas",-5,-70,84,154,63,0,63
".Nacogdoches County, Texas",680,2675,7926,5251,-2014,516,-2530
".Navarro County, Texas",2273,1583,6400,4817,714,133,581
".Newton County, Texas",-850,-240,1230,1470,-610,21,-631
".Nolan County, Texas",-499,216,1853,1637,-719,124,-843
".Nueces County, Texas",22071,17966,44155,26189,4175,5392,-1217
".Ochiltree County, Texas",-387,848,1595,747,-1250,85,-1335
".Oldham County, Texas",60,66,206,140,-11,0,-11
".Orange County, Texas",1559,1420,10199,8779,202,1,201
".Palo Pinto County, Texas",1057,314,3311,2997,752,86,666
".Panola County, Texas",-602,74,2615,2541,-668,174,-842
".Parker County, Texas",25929,3421,13166,9745,22408,473,21935
".Parmer County, Texas",-664,720,1402,682,-1408,321,-1729
".Pecos County, Texas",316,863,1945,1082,-538,92,-630
".Polk County, Texas",5938,-1225,4659,5884,7062,1014,6048
".Potter County, Texas",-3663,6846,17861,11015,-10607,5156,-15763
".Presidio County, Texas",-1113,641,1064,423,-1790,353,-2143
".Rains County, Texas",1598,-306,990,1296,1891,80,1811
".Randall County, Texas",16993,5722,15160,9438,11255,1141,10114
".Reagan County, Texas",482,322,552,230,154,268,-114
".Real County, Texas",143,-154,316,470,294,11,283
".Red River County, Texas",-839,-446,1181,1627,-386,-30,-356
".Reeves County, Texas",2193,741,1714,973,1415,620,795
".Refugio County, Texas",-435,-39,779,818,-399,59,-458
".Roberts County, Texas",-75,3,87,84,-80,0,-80
".Robertson County, Texas",454,202,1948,1746,255,133,122
".Rockwall County, Texas",26570,4219,9308,5089,22206,922,21284
".Runnels County, Texas",-238,-273,996,1269,36,98,-62
".Rusk County, Texas",1097,681,5738,5057,418,57,361
".Sabine County, Texas",-294,-667,882,1549,372,-31,403
".San Augustine County, Texas",-624,-385,847,1232,-237,9,-246
".San Jacinto County, Texas",2481,-114,2639,2753,2590,-114,2704
".San Patricio County, Texas",1928,3149,8905,5756,-1232,492,-1724
".San Saba County, Texas",-75,-40,600,640,-39,66,-105
".Schleicher County, Texas",-668,50,286,236,-725,-5,-720
".Scurry County, Texas",-216,633,2232,1599,-853,81,-934
".Shackelford County, Texas",-111,20,301,281,-133,8,-141
".Shelby County, Texas",-174,691,3349,2658,-874,79,-953
".Sherman County, Texas",-12,117,361,244,-132,52,-184
".Smith County, Texas",23026,9252,28191,18939,13822,2131,11691
".Somervell County, Texas",637,-17,789,806,656,0,656
".Starr County, Texas",3666,8374,12035,3661,-4744,754,-5498
".Stephens County, Texas",-268,-75,953,1028,-201,-22,-179
".Sterling County, Texas",148,16,140,124,129,10,119
".Stonewall County, Texas",-140,-68,130,198,-76,6,-82
".Sutton County, Texas",-352,166,467,301,-530,105,-635
".Swisher County, Texas",-462,164,904,740,-632,4,-636
".Tarrant County, Texas",291851,144319,257987,113668,147698,59416,88282
".Taylor County, Texas",6519,6901,19047,12146,-315,3059,-3374
".Terrell County, Texas",-208,-4,97,101,-206,16,-222
".Terry County, Texas",-314,625,1778,1153,-943,80,-1023
".Throckmorton County, Texas",-140,-51,129,180,-93,5,-98
".Titus County, Texas",416,2088,4615,2527,-1679,289,-1968
".Tom Green County, Texas",8972,4915,14489,9574,4027,482,3545
".Travis County, Texas",249510,96403,145398,48995,150669,50450,100219
".Trinity County, Texas",-24,-784,1320,2104,757,47,710
".Tyler County, Texas",-88,-536,1946,2482,468,27,441
".Upshur County, Texas",2442,214,4384,4170,2248,121,2127
".Upton County, Texas",308,182,472,290,118,69,49
".Uvalde County, Texas",336,1413,3701,2288,-1054,146,-1200
".Val Verde County, Texas",146,4541,7856,3315,-4443,653,-5096
".Van Zandt County, Texas",4038,-466,5503,5969,4524,452,4072
".Victoria County, Texas",5291,4415,11754,7339,868,559,309
".Walker County, Texas",5111,977,5746,4769,4100,1513,2587
".Waller County, Texas",11972,2955,5746,2791,8930,367,8563
".Ward County, Texas",1340,598,1632,1034,723,68,655
".Washington County, Texas",2183,197,3691,3494,1999,285,1714
".Webb County, Texas",26348,36433,48554,12121,-10078,7043,-17121
".Wharton County, Texas",276,1239,5165,3926,-941,18,-959
".Wheeler County, Texas",-350,39,662,623,-399,30,-429
".Wichita County, Texas",571,3428,15904,12476,-2809,3205,-6014
".Wilbarger County, Texas",-766,81,1515,1434,-858,78,-936
".Willacy County, Texas",-778,1176,2724,1548,-1965,112,-2077
".Williamson County, Texas",168047,35824,58658,22834,130651,9887,120764
".Wilson County, Texas",8165,1233,4749,3516,6883,182,6701
".Winkler County, Texas",900,538,1127,589,345,166,179
".Wise County, Texas",10869,2010,7174,5164,8861,260,8601
".Wood County, Texas",3580,-1924,3781,5705,5467,-17,5484
".Yoakum County, Texas",834,861,1414,553,-29,462,-491
".Young County, Texas",-540,-341,2036,2377,-190,87,-277
".Zapata County, Texas",161,1654,2501,847,-1501,15,-1516
".Zavala County, Texas",163,802,1715,913,-637,355,-992
".Beaver County, Utah",81,504,1027,523,-433,143,-576
".Box Elder County, Utah",6063,4529,7934,3405,1538,160,1378
".Cache County, Utah",15633,16658,21518,4860,-1037,2338,-3375
".Carbon County, Utah",-940,519,2560,2041,-1482,68,-1550
".Daggett County, Utah",-111,13,90,77,-132,5,-137
".Davis County, Utah",48989,37395,52704,15309,11734,2381,9353
".Duchesne County, Utah",1333,2436,3709,1273,-1120,68,-1188
".Emery County, Utah",-964,466,1306,840,-1448,-3,-1445
".Garfield County, Utah",-121,101,546,445,-227,55,-282
".Grand County, Utah",530,368,1115,747,159,37,122
".Iron County, Utah",8676,4979,7802,2823,3667,-130,3797
".Juab County, Utah",1771,1080,1743,663,689,65,624
".Kane County, Utah",761,66,744,678,674,-35,709
".Millard County, Utah",685,867,1785,918,-188,103,-291
".Morgan County, Utah",2655,946,1460,514,1706,86,1620
".Piute County, Utah",-78,-19,125,144,-57,0,-57
".Rich County, Utah",219,179,311,132,39,24,15
".Salt Lake County, Utah",130847,103267,161949,58682,28284,30766,-2482
".San Juan County, Utah",563,1149,2111,962,-584,58,-642
".Sanpete County, Utah",3117,1856,3583,1727,1261,138,1123
".Sevier County, Utah",819,1073,2871,1798,-254,17,-271
".Summit County, Utah",5821,2655,3985,1330,3176,975,2201
".Tooele County, Utah",14041,5946,9138,3192,8105,499,7606
".Uintah County, Utah",3146,3880,5965,2085,-822,151,-973
".Utah County, Utah",119596,89028,110275,21247,30713,7466,23247
".Wasatch County, Utah",10566,2748,3947,1199,7723,347,7376
".Washington County, Utah",39441,9223,20632,11409,29998,100,29898
".Wayne County, Utah",-67,58,287,229,-126,50,-176
".Weber County, Utah",28995,20471,35978,15507,8647,2145,6502
".Addison County, Vermont",-41,-23,2880,2903,4,569,-565
".Bennington County, Vermont",-1649,-1029,3103,4132,-601,210,-811
".Caledonia County, Vermont",-1241,-217,2620,2837,-1015,-8,-1007
".Chittenden County, Vermont",7239,4240,14226,9986,3140,5446,-2306
".Essex County, Vermont",-143,-84,486,570,-60,7,-67
".Franklin County, Vermont",1643,1593,5341,3748,93,239,-146
".Grand Isle County, Vermont",265,5,553,548,264,9,255
".Lamoille County, Vermont",889,532,2363,1831,372,126,246
".Orange County, Vermont",-44,63,2468,2405,-79,66,-145
".Orleans County, Vermont",-197,-402,2436,2838,236,128,108
".Rutland County, Vermont",-3469,-1379,4906,6285,-2077,113,-2190
".Washington County, Vermont",-1115,243,5218,4975,-1334,85,-1419
".Windham County, Vermont",-2289,-532,3574,4106,-1748,176,-1924
".Windsor County, Vermont",-1596,-957,4418,5375,-601,335,-936
".Accomack County, Virginia",-846,-380,3680,4060,-431,513,-944
".Albemarle County, Virginia",10332,2818,10295,7477,7567,2609,4958
".Alleghany County, Virginia",-1404,-779,1278,2057,-624,-20,-604
".Amelia County, Virginia",450,-1,1292,1293,456,32,424
".Amherst County, Virginia",-749,-166,3013,3179,-587,47,-634
".Appomattox County, Virginia",883,60,1639,1579,828,63,765
".Arlington County, Virginia",29146,20011,28654,8643,8915,17445,-8530
".Augusta County, Virginia",1805,-550,5914,6464,2397,252,2145
".Bath County, Virginia",-580,-277,328,605,-302,28,-330
".Bedford County, Virginia",4068,-531,6671,7202,4646,299,4347
".Bland County, Virginia",-544,-356,422,778,-184,-16,-168
".Botetourt County, Virginia",267,-745,2309,3054,1046,43,1003
".Brunswick County, Virginia",-1195,-556,1354,1910,-623,92,-715
".Buchanan County, Virginia",-3098,-881,1814,2695,-2232,134,-2366
".Buckingham County, Virginia",8,-79,1386,1465,82,27,55
".Campbell County, Virginia",76,140,5214,5074,-22,448,-470
".Caroline County, Virginia",2171,1089,3563,2474,1080,100,980
".Carroll County, Virginia",-281,-1079,2258,3337,827,179,648
".Charles City County, Virginia",-293,-209,527,736,-81,6,-87
".Charlotte County, Virginia",-717,-243,1204,1447,-465,37,-502
".Chesterfield County, Virginia",36562,14029,35397,21368,22822,5128,17694
".Clarke County, Virginia",594,-239,1157,1396,838,8,830
".Craig County, Virginia",-44,-97,367,464,51,-8,59
".Culpeper County, Virginia",5917,2076,5893,3817,3852,580,3272
".Cumberland County, Virginia",-107,42,904,862,-148,-8,-140
".Dickenson County, Virginia",-1559,-548,1377,1925,-1010,9,-1019
".Dinwiddie County, Virginia",532,182,2559,2377,367,183,184
".Essex County, Virginia",-196,-104,1097,1201,-82,62,-144
".Fairfax County, Virginia",65829,91341,137505,46164,-26151,81327,-107478
".Fauquier County, Virginia",5994,1964,6930,4966,4075,296,3779
".Floyd County, Virginia",458,-93,1381,1474,561,-22,583
".Fluvanna County, Virginia",1528,531,2485,1954,1013,48,965
".Franklin County, Virginia",-86,-844,4647,5491,823,-87,910
".Frederick County, Virginia",11044,2707,8801,6094,8348,611,7737
".Giles County, Virginia",-566,-428,1619,2047,-125,22,-147
".Gloucester County, Virginia",489,-169,3325,3494,684,108,576
".Goochland County, Virginia",2061,-189,1532,1721,2226,10,2216
".Grayson County, Virginia",-4,-696,1245,1941,658,4,654
".Greene County, Virginia",1430,664,2063,1399,776,261,515
".Greensville County, Virginia",-909,-341,933,1274,-596,34,-630
".Halifax County, Virginia",-2342,-1020,3383,4403,-1295,-25,-1270
".Hanover County, Virginia",7916,359,8550,8191,7636,573,7063
".Henrico County, Virginia",24062,12103,37015,24912,12179,13661,-1482
".Henry County, Virginia",-3625,-2032,4377,6409,-1559,100,-1659
".Highland County, Virginia",-129,-102,157,259,-24,0,-24
".Isle of Wight County, Virginia",1832,34,3279,3245,1823,221,1602
".James City County, Virginia",9144,-355,6244,6599,9458,1020,8438
".King and Queen County, Virginia",85,-149,578,727,237,16,221
".King George County, Virginia",3258,1291,2809,1518,1963,230,1733
".King William County, Virginia",1221,490,1805,1315,737,35,702
".Lancaster County, Virginia",-787,-1157,744,1901,387,123,264
".Lee County, Virginia",-2166,-547,2087,2634,-1620,-57,-1563
".Loudoun County, Virginia",101190,35515,47167,11652,65029,18174,46855
".Louisa County, Virginia",4423,566,3489,2923,3839,42,3797
".Lunenburg County, Virginia",-720,-253,1125,1378,-473,124,-597
".Madison County, Virginia",-45,-141,1163,1304,104,96,8
".Mathews County, Virginia",-142,-542,559,1101,410,38,372
".Mecklenburg County, Virginia",-2129,-1428,2745,4173,-715,80,-795
".Middlesex County, Virginia",-377,-612,809,1421,245,16,229
".Montgomery County, Virginia",4113,2255,7965,5710,1869,4760,-2891
".Nelson County, Virginia",-85,-425,1262,1687,348,36,312
".New Kent County, Virginia",4659,438,1848,1410,4172,93,4079
".Northampton County, Virginia",-681,-515,1207,1722,-162,135,-297
".Northumberland County, Virginia",-236,-723,850,1573,495,62,433
".Nottoway County, Virginia",-621,-341,1551,1892,-279,67,-346
".Orange County, Virginia",3497,231,3686,3455,3259,326,2933
".Page County, Virginia",-149,-438,2223,2661,313,16,297
".Patrick County, Virginia",-892,-1036,1352,2388,163,23,140
".Pittsylvania County, Virginia",-3115,-1805,4793,6598,-1289,83,-1372
".Powhatan County, Virginia",1583,339,2204,1865,1246,49,1197
".Prince Edward County, Virginia",-561,-163,1942,2105,-476,242,-718
".Prince George County, Virginia",2638,1409,3552,2143,1206,1097,109
".Prince William County, Virginia",68326,44415,61080,16665,23766,19882,3884
".Pulaski County, Virginia",-830,-1065,2978,4043,266,5,261
".Rappahannock County, Virginia",-136,-84,546,630,-48,16,-64
".Richmond County, Virginia",-231,-381,649,1030,140,52,88
".Roanoke County, Virginia",1721,-1809,7421,9230,3612,1690,1922
".Rockbridge County, Virginia",218,-670,1660,2330,912,111,801
".Rockingham County, Virginia",5627,1376,7967,6591,4330,707,3623
".Russell County, Virginia",-2337,-962,2336,3298,-1369,32,-1401
".Scott County, Virginia",-1602,-1070,1720,2790,-518,3,-521
".Shenandoah County, Virginia",1620,-69,4287,4356,1719,354,1365
".Smyth County, Virginia",-2109,-1246,2783,4029,-840,82,-922
".Southampton County, Virginia",-942,-265,1457,1722,-685,19,-704
".Spotsylvania County, Virginia",13762,6499,14456,7957,7345,1211,6134
".Stafford County, Virginia",23898,9335,15841,6506,14568,2672,11896
".Surry County, Virginia",-642,-137,562,699,-507,0,-507
".Sussex County, Virginia",-911,-317,920,1237,-602,35,-637
".Tazewell County, Virginia",-4463,-1543,4004,5547,-2922,-8,-2914
".Warren County, Virginia",2714,934,4325,3391,1670,48,1622
".Washington County, Virginia",-1221,-1495,4312,5807,304,51,253
".Westmoreland County, Virginia",555,-281,1746,2027,844,-28,872
".Wise County, Virginia",-4054,-850,3724,4574,-3237,49,-3286
".Wythe County, Virginia",-562,-831,2654,3485,296,-26,322
".York County, Virginia",3089,2049,5900,3851,1015,1810,-795
".Alexandria city, Virginia",19430,18455,25156,6701,1019,17677,-16658
".Bristol city, Virginia",-976,-697,1650,2347,-274,-39,-235
".Buena Vista city, Virginia",-129,90,779,689,-222,-11,-211
".Charlottesville city, Virginia",3841,2325,4883,2558,1516,3159,-1643
".Chesapeake city, Virginia",22524,10573,26541,15968,12058,3237,8821
".Colonial Heights city, Virginia",-40,-150,2040,2190,117,313,-196
".Covington city, Virginia",-413,-301,555,856,-108,53,-161
".Danville city, Virginia",-3027,-1683,4661,6344,-1319,363,-1682
".Emporia city, Virginia",-579,-39,638,677,-540,-13,-527
".Fairfax city, Virginia",1465,1719,3575,1856,-271,1956,-2227
".Falls Church city, Virginia",2373,847,1512,665,1499,490,1009
".Franklin city, Virginia",-611,-97,1142,1239,-516,21,-537
".Fredericksburg city, Virginia",4858,2158,3867,1709,2610,828,1782
".Galax city, Virginia",-642,-426,835,1261,-214,-14,-200
".Hampton city, Virginia",-2954,5203,16630,11427,-8147,2171,-10318
".Harrisonburg city, Virginia",4116,2661,5214,2553,1398,3522,-2124
".Hopewell city, Virginia",-62,439,3170,2731,-504,375,-879
".Lexington city, Virginia",409,-116,532,648,519,64,455
".Lynchburg city, Virginia",6634,2338,9742,7404,4309,2674,1635
".Manassas city, Virginia",3286,4528,6485,1957,-1294,1939,-3233
".Manassas Park city, Virginia",3235,1479,1781,302,1717,1179,538
".Martinsville city, Virginia",-1260,-733,1708,2441,-524,87,-611
".Newport News city, Virginia",-1730,11904,25744,13840,-13716,4781,-18497
".Norfolk city, Virginia",-85,15221,33336,18115,-15214,8371,-23585
".Norton city, Virginia",-12,41,452,411,-58,58,-116
".Petersburg city, Virginia",-1095,654,4998,4344,-1747,605,-2352
".Poquoson city, Virginia",112,-125,892,1017,238,29,209
".Portsmouth city, Virginia",-1128,4115,13928,9813,-5204,1515,-6719
".Radford city, Virginia",1854,200,1198,998,1626,303,1323
".Richmond city, Virginia",26061,9999,27262,17263,15668,5657,10011
".Roanoke city, Virginia",2233,1919,13009,11090,342,3813,-3471
".Salem city, Virginia",465,-648,2318,2966,1123,347,776
".Staunton city, Virginia",1187,-552,2787,3339,1727,323,1404
".Suffolk city, Virginia",7543,3455,10362,6907,4110,858,3252
".Virginia Beach city, Virginia",12071,27138,55210,28072,-15019,11175,-26194
".Waynesboro city, Virginia",1632,420,2844,2424,1219,484,735
".Williamsburg city, Virginia",1254,189,945,756,1060,799,261
".Winchester city, Virginia",1855,966,3438,2472,894,1285,-391
".Adams County, Washington",1252,2581,3664,1083,-1346,225,-1571
".Asotin County, Washington",959,-97,2159,2256,1058,-218,1276
".Benton County, Washington",29222,11552,24133,12581,17706,2495,15211
".Chelan County, Washington",4740,2241,8478,6237,2551,213,2338
".Clallam County, Washington",5935,-2818,6116,8934,8734,503,8231
".Clark County, Washington",62881,20338,50940,30602,42498,2193,40305
".Columbia County, Washington",-93,-169,327,496,73,108,-35
".Cowlitz County, Washington",8185,1106,11376,10270,7099,265,6834
".Douglas County, Washington",5002,2085,4905,2820,2938,453,2485
".Ferry County, Washington",73,-141,633,774,221,17,204
".Franklin County, Washington",17062,11607,15155,3548,5352,1076,4276
".Garfield County, Washington",-41,-31,218,249,-10,29,-39
".Grant County, Washington",8609,7715,14050,6335,942,1242,-300
".Grays Harbor County, Washington",2261,-504,7159,7663,2757,51,2706
".Island County, Washington",6633,1947,8445,6498,4661,1580,3081
".Jefferson County, Washington",2341,-1592,1744,3336,3908,60,3848
".King County, Washington",321495,114871,232737,117866,206445,160875,45570
".Kitsap County, Washington",20330,8056,27849,19793,12195,2148,10047
".Kittitas County, Washington",7025,1043,3798,2755,5948,735,5213
".Klickitat County, Washington",2108,174,1927,1753,1928,31,1897
".Lewis County, Washington",5250,292,8271,7979,4965,589,4376
".Lincoln County, Washington",369,-135,925,1060,505,14,491
".Mason County, Washington",6079,-144,5926,6070,6237,1032,5205
".Okanogan County, Washington",1126,741,4797,4056,403,734,-331
".Pacific County, Washington",1552,-1158,1761,2919,2693,210,2483
".Pend Oreille County, Washington",723,-333,1067,1400,1061,28,1033
".Pierce County, Washington",109758,46259,105214,58955,63598,15084,48514
".San Juan County, Washington",1814,-481,792,1273,2293,206,2087
".Skagit County, Washington",12313,2574,13426,10852,9769,1610,8159
".Skamania County, Washington",1013,136,907,771,875,43,832
".Snohomish County, Washington",108784,40597,88515,47918,68080,22678,45402
".Spokane County, Washington",51578,14310,55103,40793,37472,5945,31527
".Stevens County, Washington",2191,-128,4052,4180,2342,90,2252
".Thurston County, Washington",38276,9076,28792,19716,29233,4982,24251
".Wahkiakum County, Washington",509,-158,266,424,669,52,617
".Walla Walla County, Washington",1979,842,6100,5258,1163,136,1027
".Whatcom County, Washington",28101,6275,20961,14686,21826,3788,18038
".Whitman County, Washington",5326,1551,3984,2433,3691,3739,-48
".Yakima County, Washington",7633,19134,37137,18003,-11510,-269,-11241
".Barbour County, West Virginia",-146,-215,1567,1782,63,-30,93
".Berkeley County, West Virginia",14983,3594,12627,9033,11292,43,11249
".Boone County, West Virginia",-3168,-593,2353,2946,-2589,-11,-2578
".Braxton County, West Virginia",-562,-239,1374,1613,-310,8,-318
".Brooke County, West Virginia",-2112,-1267,1797,3064,-823,-58,-765
".Cabell County, West Virginia",-4350,-813,10258,11071,-3470,527,-3997
".Calhoun County, West Virginia",-518,-199,639,838,-316,-16,-300
".Clay County, West Virginia",-876,-76,944,1020,-808,-5,-803
".Doddridge County, West Virginia",247,-169,625,794,401,-13,414
".Fayette County, West Virginia",-3643,-1459,4604,6063,-2161,118,-2279
".Gilmer County, West Virginia",-872,-132,578,710,-751,6,-757
".Grant County, West Virginia",-352,-78,1140,1218,-269,-4,-265
".Greenbrier County, West Virginia",-821,-1115,3337,4452,313,395,-82
".Hampshire County, West Virginia",-785,-407,2031,2438,-364,-70,-294
".Hancock County, West Virginia",-1878,-1317,2480,3797,-528,30,-558
".Hardy County, West Virginia",-251,-16,1387,1403,-236,330,-566
".Harrison County, West Virginia",-1838,-836,7122,7958,-944,11,-955
".Jackson County, West Virginia",-638,-354,2900,3254,-260,70,-330
".Jefferson County, West Virginia",3656,1148,5474,4326,2530,424,2106
".Kanawha County, West Virginia",-14929,-3815,19054,22869,-10996,698,-11694
".Lewis County, West Virginia",-465,-353,1711,2064,-96,59,-155
".Lincoln County, West Virginia",-1300,-258,2308,2566,-1030,-36,-994
".Logan County, West Virginia",-4735,-1318,3631,4949,-3441,-13,-3428
".McDowell County, West Virginia",-4485,-1040,2130,3170,-3488,117,-3605
".Marion County, West Virginia",-361,-260,5925,6185,-48,72,-120
".Marshall County, West Virginia",-2600,-897,2879,3776,-1678,9,-1687
".Mason County, West Virginia",-832,-624,2551,3175,-184,-36,-148
".Mercer County, West Virginia",-3507,-1622,6691,8313,-1837,129,-1966
".Mineral County, West Virginia",-1357,-458,2575,3033,-883,33,-916
".Mingo County, West Virginia",-3410,-359,3025,3384,-3072,48,-3120
".Monongalia County, West Virginia",9428,3718,10053,6335,5623,3118,2505
".Monroe County, West Virginia",-223,-398,1179,1577,182,18,164
".Morgan County, West Virginia",343,-669,1345,2014,1022,3,1019
".Nicholas County, West Virginia",-1737,-584,2547,3131,-1148,75,-1223
".Ohio County, West Virginia",-3015,-1212,4128,5340,-1787,15,-1802
".Pendleton County, West Virginia",-726,-223,630,853,-507,29,-536
".Pleasants County, West Virginia",-142,-215,631,846,73,-10,83
".Pocahontas County, West Virginia",-475,-223,768,991,-250,5,-255
".Preston County, West Virginia",-86,-220,3113,3333,142,203,-61
".Putnam County, West Virginia",961,20,5319,5299,981,100,881
".Raleigh County, West Virginia",-5504,-1458,8003,9461,-4025,339,-4364
".Randolph County, West Virginia",-710,-523,2855,3378,-168,73,-241
".Ritchie County, West Virginia",-895,-326,862,1188,-567,28,-595
".Roane County, West Virginia",-1239,-481,1308,1789,-750,13,-763
".Summers County, West Virginia",-1353,-763,1001,1764,-589,-18,-571
".Taylor County, West Virginia",-196,-295,1532,1827,109,8,101
".Tucker County, West Virginia",-302,-255,604,859,-40,0,-40
".Tyler County, West Virginia",-639,-301,790,1091,-341,10,-351
".Upshur County, West Virginia",-80,-120,2420,2540,54,12,42
".Wayne County, West Virginia",-3104,-905,3748,4653,-2190,-29,-2161
".Webster County, West Virginia",-1036,-318,807,1125,-721,14,-735
".Wetzel County, West Virginia",-1498,-577,1519,2096,-919,5,-924
".Wirt County, West Virginia",107,-40,522,562,150,7,143
".Wood County, West Virginia",-3435,-1006,8827,9833,-2346,-129,-2217
".Wyoming County, West Virginia",-3410,-1122,2004,3126,-2303,2,-2305
".Adams County, Wisconsin",-647,-1166,1194,2360,520,55,465
".Ashland County, Wisconsin",-595,-49,1658,1707,-548,47,-595
".Barron County, Wisconsin",-629,83,4703,4620,-685,201,-886
".Bayfield County, Wisconsin",28,-400,1149,1549,439,39,400
".Brown County, Wisconsin",16539,13539,31008,17469,3234,3123,111
".Buffalo County, Wisconsin",-557,78,1285,1207,-633,38,-671
".Burnett County, Wisconsin",-44,-432,1211,1643,397,23,374
".Calumet County, Wisconsin",1108,1824,4875,3051,-710,153,-863
".Chippewa County, Wisconsin",2156,1310,6525,5215,904,40,864
".Clark County, Wisconsin",83,2176,5284,3108,-2108,111,-2219
".Columbia County, Wisconsin",673,647,5576,4929,57,158,-101
".Crawford County, Wisconsin",-513,-129,1494,1623,-375,39,-414
".Dane County, Wisconsin",58614,26548,56013,29465,32136,15099,17037
".Dodge County, Wisconsin",-911,-659,7569,8228,-187,225,-412
".Door County, Wisconsin",-117,-1148,1963,3111,1053,9,1044
".Douglas County, Wisconsin",-1009,74,3972,3898,-1055,149,-1204
".Dunn County, Wisconsin",1503,1165,4153,2988,357,315,42
".Eau Claire County, Wisconsin",5765,3442,10940,7498,2369,1001,1368
".Florence County, Wisconsin",-128,-241,262,503,115,-14,129
".Fond du Lac County, Wisconsin",1780,1399,10048,8649,432,1265,-833
".Forest County, Wisconsin",-300,-79,986,1065,-217,18,-235
".Grant County, Wisconsin",235,610,5137,4527,-391,209,-600
".Green County, Wisconsin",121,327,3525,3198,-182,293,-475
".Green Lake County, Wisconsin",-131,-241,1873,2114,122,1,121
".Iowa County, Wisconsin",-9,538,2445,1907,-531,50,-581
".Iron County, Wisconsin",-229,-456,331,787,230,2,228
".Jackson County, Wisconsin",202,352,2209,1857,-135,38,-173
".Jefferson County, Wisconsin",1081,1945,8070,6125,-810,335,-1145
".Juneau County, Wisconsin",22,-82,2527,2609,117,48,69
".Kenosha County, Wisconsin",3137,5065,17881,12816,-1829,494,-2323
".Kewaunee County, Wisconsin",-144,117,1833,1716,-253,123,-376
".La Crosse County, Wisconsin",3378,2283,11424,9141,1150,316,834
".Lafayette County, Wisconsin",-168,680,1948,1268,-850,20,-870
".Langlade County, Wisconsin",-788,-379,1792,2171,-404,116,-520
".Lincoln County, Wisconsin",-1150,-525,2490,3015,-610,21,-631
".Manitowoc County, Wisconsin",-2463,-433,7431,7864,-2018,550,-2568
".Marathon County, Wisconsin",1631,3948,14672,10724,-2246,591,-2837
".Marinette County, Wisconsin",-1399,-1155,3487,4642,-211,49,-260
".Marquette County, Wisconsin",175,-312,1359,1671,492,17,475
".Menominee County, Wisconsin",324,434,870,436,-116,74,-190
".Milwaukee County, Wisconsin",-2002,51438,127389,75951,-53273,20220,-73493
".Monroe County, Wisconsin",1576,1690,5572,3882,-84,287,-371
".Oconto County, Wisconsin",270,-10,3338,3348,307,109,198
".Oneida County, Wisconsin",-417,-1369,2825,4194,993,62,931
".Outagamie County, Wisconsin",11199,8660,21044,12384,2701,1565,1136
".Ozaukee County, Wisconsin",2826,577,7570,6993,2310,723,1587
".Pepin County, Wisconsin",-182,49,734,685,-233,29,-262
".Pierce County, Wisconsin",1725,1071,3588,2517,657,252,405
".Polk County, Wisconsin",-415,-133,3885,4018,-269,70,-339
".Portage County, Wisconsin",751,1537,6382,4845,-749,822,-1571
".Price County, Wisconsin",-808,-594,1045,1639,-208,84,-292
".Racine County, Wisconsin",883,5764,21964,16200,-4815,747,-5562
".Richland County, Wisconsin",-776,-44,1635,1679,-731,125,-856
".Rock County, Wisconsin",3029,4270,17881,13611,-1131,397,-1528
".Rusk County, Wisconsin",-576,-319,1308,1627,-262,148,-410
".St. Croix County, Wisconsin",6350,4199,9613,5414,2186,200,1986
".Sauk County, Wisconsin",2487,1410,7050,5640,1141,557,584
".Sawyer County, Wisconsin",20,-397,1512,1909,430,17,413
".Shawano County, Wisconsin",-1056,-139,4030,4169,-889,118,-1007
".Sheboygan County, Wisconsin",-172,1572,11653,10081,-1697,754,-2451
".Taylor County, Wisconsin",-347,362,2064,1702,-726,81,-807
".Trempealeau County, Wisconsin",834,1231,3793,2562,-381,284,-665
".Vernon County, Wisconsin",1053,1087,3871,2784,-6,36,-42
".Vilas County, Wisconsin",751,-1074,1651,2725,1831,136,1695
".Walworth County, Wisconsin",1638,843,9303,8460,857,57,800
".Washburn County, Wisconsin",-187,-583,1355,1938,406,45,361
".Washington County, Wisconsin",4149,2169,12360,10191,2090,573,1517
".Waukesha County, Wisconsin",14252,4825,35496,30671,9776,3782,5994
".Waupaca County, Wisconsin",-1420,-1938,4739,6677,556,150,406
".Waushara County, Wisconsin",-66,-405,2058,2463,353,59,294
".Winnebago County, Wisconsin",4907,3727,17264,13537,1311,1101,210
".Wood County, Wisconsin",-1751,485,7627,7142,-2226,220,-2446
".Albany County, Wyoming",2581,1911,3659,1748,660,1526,-866
".Big Horn County, Wyoming",121,44,1298,1254,73,-6,79
".Campbell County, Wyoming",208,4304,6633,2329,-4169,77,-4246
".Carbon County, Wyoming",-1084,651,1847,1196,-1742,15,-1757
".Converse County, Wyoming",-11,543,1662,1119,-576,40,-616
".Crook County, Wyoming",504,361,941,580,147,109,38
".Fremont County, Wyoming",-862,1255,5266,4011,-2137,-32,-2105
".Goshen County, Wyoming",-36,-7,1280,1287,-47,68,-115
".Hot Springs County, Wyoming",-399,-202,445,647,-196,0,-196
".Johnson County, Wyoming",-124,-44,788,832,-77,20,-97
".Laramie County, Wyoming",7615,4474,11829,7355,3119,429,2690
".Lincoln County, Wyoming",1724,1067,2243,1176,654,-26,680
".Natrona County, Wyoming",4410,3455,9996,6541,826,506,320
".Niobrara County, Wyoming",-128,15,248,233,-150,-2,-148
".Park County, Wyoming",987,300,2835,2535,692,37,655
".Platte County, Wyoming",-274,-159,776,935,-110,-48,-62
".Sheridan County, Wyoming",1361,104,3026,2922,1270,140,1130
".Sublette County, Wyoming",-413,599,1092,493,-1040,-32,-1008
".Sweetwater County, Wyoming",-1463,2909,5555,2646,-4461,59,-4520
".Teton County, Wyoming",2166,1546,2286,740,592,477,115
".Uinta County, Wyoming",-895,1463,2755,1292,-2383,-79,-2304
".Washakie County, Wyoming",-723,27,839,812,-750,-31,-719
".Weston County, Wyoming",-281,56,699,643,-338,124,-462